PMF_m/z	HOA	BBOA	OOA1_BB	OOA2_BB-aq
12	0.00189377	0.007385526	0.00987732	0.00470926
13.0034	2.09364E-05	7.99878E-05	0.000106069	0.000051608
13.0078	0.000791776	0.004610167	0.00292647	0.00387789
14.0112	8.52756E-06	4.98818E-05	3.21178E-05	4.15972E-05
15.0235	0.00814455	0.031320017	0.0264467	0.027567
15.9949	0.000132158	0.000404914	0.00129417	0.000566757
16.0268	0.000088502	0.000337118	0.000288231	0.000299074
17.0027	0.000826156	0.002530726	0.00808832	0.00354231
17.9992	2.64727E-07	8.32424E-07	2.66543E-06	1.20164E-06
18.0106	0.0033046	0.010122896	0.0323532	0.0141693
24	0.00023186	0.001190592	0.000866389	0.000719917
25.0034	5.07131E-06	2.5875E-05	1.91752E-05	1.51475E-05
25.0078	0.000898008	0.004295587	0.00291458	0.00292418
26.0156	0.00578313	0.020986026	0.0156527	0.0153153
27.0109	0.000972034	0.004657938	0.00610405	0.00141186
27.019	0.000124231	0.00045729	0.000342276	0.000325779
27.0235	0.0235367	0.03833704	0.0358091	0.0354174
27.9949	0.0146861	0.044992223	0.143785	0.0629804
28.9983	0.00015872	0.00048681	0.00155431	0.000681869
29.0027	9.48855E-09	0.046961774	0.00331086	0.100136
29.0391	0.0280777	0.021163368	0.0204568	0.0227607
29.9992	3.02733E-05	9.2415E-05	0.000294863	0.000129904
30.0061	4.01184E-10	0.000524326	2.17535E-05	0.00110121
30.0425	0.000601499	0.000465511	0.000435394	0.000502161
31.0139	9.43386E-06	0.000181879	0.000460861	0.000646518
31.0184	0.00252112	0.020456748	0.00840827	0.0364707
32.0262	4.19146E-07	4.17397E-07	3.25027E-07	3.98864E-07
36	0.000227923	0.000827596	3.19232E-09	0.00173539
37.0033	4.18376E-06	2.47189E-05	3.69663E-09	8.34436E-05
37.0078	0.00139848	0.004716365	0.00369325	0.0029082
38.0112	4.41256E-05	0.000153979	0.000117622	9.64067E-05
38.0157	0.00273313	0.008155217	0.00614033	0.00514922
39.019	8.76513E-05	0.000265172	0.000197206	0.000168984
39.0235	0.0207546	0.040736782	1.38212E-08	0.00515221
40.0268	0.000674329	0.001252645	0.000229793	0.000227039
40.0313	0.00396948	0.009196849	0.00557384	0.00764978
41.0027	1.0302E-10	0.002853012	6.96721E-11	1.42792E-10
41.0347	0.000129472	0.000303744	0.000177387	0.00024265
41.0391	0.072859	0.042444554	0.0312619	0.0351433
42.0061	2.89203E-09	6.61757E-05	1.65148E-06	1.45992E-05
42.0106	0.00304963	0.017143852	0.0192646	0.0159217
42.0344	0.00341722	0.004246161	0.0109222	0.00575241
42.0425	0.0022968	0.001421234	0.000993418	0.00114398
42.047	0.0105241	0.007161565	0.00540454	0.00568668
43.0139	6.70336E-05	0.000371552	0.000414535	0.000346487
43.0184	0.0104203	0.048843262	0.0671397	0.0884019
43.0503	0.000335424	0.000236889	0.000171257	0.00018772
43.0548	0.087896	0.024741411	0.014972	0.0163275
43.9898	0.0146861	0.044992223	0.143785	0.0629804
44.0217	0.000224511	0.00105637	0.00145264	0.00191417
44.0262	0.00177636	0.008055445	0.00485152	0.00701739
44.05	0.00248026	0.002021869	0.00508272	0.00151324
44.0581	0.00275263	0.000851217	0.000498775	0.000492695
44.0626	3.72698E-05	8.77704E-11	1.18503E-10	1.53719E-10
44.9932	0.00015872	0.00048681	0.00155431	0.000681869
44.9977	0.000347093	0.004176535	0.0100227	0.0141415
45.0215	0.000158967	6.1498E-05	0.00227236	0.00140414
45.034	0.00239978	0.008674411	0.00524761	0.00914985
45.0578	0.000359473	0.000414768	0.00125285	0.000597382
45.066	3.72687E-06	5.57856E-08	8.28909E-08	1.42511E-07
45.9941	6.03105E-05	0.000184983	0.000590625	0.00025911
46.0374	5.14742E-05	0.000187424	0.000113891	0.000199647
46.9955	2.42854E-10	0.000166673	0.00370633	0.00206364
47.0133	1.55564E-05	0.003759417	7.53792E-05	0.00872913
48	2.08912E-10	0.000212108	0.00191419	1.54662E-10
49.0033	2.35596E-10	4.52329E-06	0.000105249	7.91268E-11
49.0078	0.000324466	0.001430405	0.000945172	0.000816921
49.0289	1.41401E-05	7.15064E-05	8.43332E-05	0.00016934
50.0112	1.36009E-05	6.2117E-05	4.04816E-05	3.63005E-05
50.0157	0.00264925	0.007836588	0.00582694	0.00429652
51.019	0.00011464	0.000339035	0.000251993	0.000186015
51.0235	0.00466477	0.011590143	0.00714657	0.00587252
52.0187	0.000191478	0.000838903	0.00141738	0.000585846
52.0268	0.000202091	0.000501519	0.000309075	0.000253921
52.0313	0.00218594	0.006597373	0.00375106	0.00293406
53.0027	0.000497924	0.003536925	0.00410487	0.00426154
53.0347	9.44459E-05	0.000285555	0.000162194	0.000126993
53.0391	0.0087501	0.011154955	0.00775938	0.00852953
54.0061	1.41426E-05	0.000116382	0.000133031	0.00013754
54.0106	0.000119321	0.002790302	0.00339508	0.00482559
54.0344	0.000462289	0.001453892	0.00198644	0.000832689
54.0425	0.000377559	0.000483418	0.000335777	0.000368348
54.047	0.00708731	0.00615673	0.00289269	0.00328768
55.0139	3.24137E-06	9.12429E-05	0.00010966	0.00015721
55.0184	0.00475872	0.018654055	0.0178317	0.0193823
55.0503	0.000307025	0.000267267	0.000124869	0.000141959
55.0548	0.0761953	0.024315865	0.0157017	0.0195038
56.0217	0.000155028	0.000609597	0.000576259	0.000627115
56.0262	0.00133065	0.006320488	0.00419463	0.00523287
56.05	0.00133283	0.001755779	0.00595097	0.001533
56.0581	0.00329084	0.001062835	0.000656295	0.00086526
56.0626	0.0164989	0.004492934	0.00389339	0.002858
57.0296	4.38689E-05	0.000205197	0.000135896	0.000169916
57.034	0.00356666	0.015705315	0.00956532	0.0149393
57.066	0.000707183	0.000201756	0.000156781	0.000133729
57.0704	0.0824229	0.012449117	0.00814496	0.00700819
58.0055	0.000109228	0.001526256	0.00149553	0.00342767
58.0374	0.000119976	0.000506005	0.00030945	0.000488297
58.0419	0.000594086	0.002228793	0.00260712	0.00317599
58.0657	0.00206089	0.001388386	0.00252595	0.00208191
58.0738	0.00343251	0.000600382	0.000353304	0.00027366
58.0783	9.29589E-05	7.19211E-06	9.05562E-10	5.51186E-06
58.9687	9.63446E-06	2.66037E-06	6.63523E-06	4.24595E-09
59.0133	8.88533E-05	0.001310172	0.00182181	0.00245055
59.0317	0.000136177	0.000425868	0.000833968	0.000363806
59.0452	2.03677E-05	7.19559E-05	8.46287E-05	0.000103321
59.0497	0.000743342	0.001435578	0.00189331	0.00265235
59.0816	1.00438E-05	3.29541E-07	2.64678E-07	6.42613E-07
59.9767	1.21127E-09	1.00708E-05	8.23396E-06	2.38485E-09
60.0211	0.00530169	0.01915346	0.00701455	0.0108325
60.0449	0.000336073	0.000388867	0.000500343	0.000186161
60.053	2.50792E-05	4.62647E-05	6.16528E-05	8.65558E-05
60.9845	8.30535E-07	8.35432E-06	1.01577E-05	1.98044E-06
61.0078	0.000341331	0.000849923	0.000739673	0.000454534
61.0289	0.000983072	0.003231255	0.00183768	0.00271592
62.0112	1.83832E-05	4.60911E-05	4.00188E-05	2.47313E-05
62.0157	0.000841365	0.002348122	0.00193635	0.00124668
62.0368	0.000047654	0.000169224	0.000135653	0.00016739
63.019	4.59657E-05	0.000126924	0.000105022	6.72592E-05
63.0235	0.00229638	0.005847063	0.00384072	0.00247675
64.0268	0.000124966	0.000316454	0.000207639	0.000133731
64.0313	0.000670549	0.001862088	0.00146405	4.39729E-10
65.0027	1.29242E-05	0.000106402	0.000280621	0.000233552
65.0347	0.000035991	0.000100877	8.00839E-05	1.13291E-09
65.0391	0.00487963	0.008237563	0.00457461	0.00438518
66.0061	7.99284E-07	4.99968E-06	1.29317E-05	9.37339E-06
66.0106	0.000105293	0.000699837	0.000867445	0.000682384
66.0425	0.000263625	0.000445923	0.00024742	0.000236622
66.047	0.00207353	0.003458016	0.00178604	0.00168173
67.0139	3.63031E-06	3.13158E-05	3.79735E-05	0.000028611
67.0184	0.000060074	0.001284997	0.0016692	0.0013722
67.0503	0.000112399	0.000187247	9.64796E-05	9.07399E-05
67.0548	0.0303978	0.011727627	0.00738872	0.0102862
67.9898	9.98713E-06	0.000166991	0.000715834	0.000260075
68.0217	6.05993E-07	5.68698E-05	7.47329E-05	5.72171E-05
68.0262	0.000551924	0.00472895	0.00341831	0.00430305
68.05	0.000529246	0.001047159	0.000353468	0.000816399
68.0581	0.00165784	0.000630099	0.000400747	0.000555366
68.0626	0.00706659	0.003286632	0.00166161	0.00181335
68.9977	0.000204748	0.001622403	0.00345002	0.00296512
69.0296	2.39168E-05	0.000204964	0.000147843	0.000185951
69.034	0.00139669	0.00597907	0.0050927	0.00652748
69.066	0.000382485	0.000178209	8.98906E-05	9.79202E-05
69.0704	0.0511833	0.01126622	0.00615248	0.00935018
70.0055	0.000108087	0.00052398	0.00146651	0.000975878
70.0374	6.01182E-05	0.000259295	0.00022015	0.000282353
70.0419	0.000725085	0.003301376	0.00250243	0.00266344
70.0738	0.0027906	0.000598681	0.000334029	0.000508887
70.0782	0.00808396	0.002141838	0.00146833	0.00117126
71.0133	0.000761137	0.002945184	0.00423925	0.00455178
71.0452	3.19833E-05	0.000142838	0.00010815	0.000115345
71.0497	0.00121939	0.002869806	0.00353332	0.00509905
71.0816	0.000434345	0.000121258	6.85937E-05	7.41309E-05
71.0861	0.0364254	0.004186068	0.00369023	0.00328451
72	1.94061E-05	1.75427E-05	3.25644E-05	1.03181E-05
72.0211	0.000168893	0.0012146	0.00126329	0.00206609
72.053	5.24988E-05	0.00012372	0.000153728	0.000221088
72.0575	0.000132414	0.000328708	0.00054689	0.000726636
72.0894	0.00195801	0.000233867	0.000197289	0.000176009
72.0939	3.2196E-06	7.89095E-06	1.48239E-06	6.45468E-06
73.0034	1.35157E-06	1.4543E-06	3.05309E-06	1.04024E-06
73.0078	6.07762E-05	1.98567E-05	5.25653E-05	5.41703E-05
73.029	0.00292151	0.009905994	0.00390466	0.00695739
73.0473	0.000259618	0.000296948	0.00106376	0.000246475
73.0609	6.21779E-06	1.4182E-05	2.39045E-05	3.14521E-05
73.0653	0.000214983	0.000378004	0.000226736	0.000345789
73.0973	4.7957E-07	8.37782E-07	1.70598E-07	6.72504E-07
74.0112	5.92213E-06	1.79769E-06	7.22575E-06	3.46863E-06
74.0156	0.000739033	0.001718282	0.00164981	0.00116725
74.0368	0.000621687	0.002021476	0.00123444	0.00211717
74.0687	0.000013987	1.49037E-05	1.15063E-05	1.47278E-05
74.0732	5.66374E-05	1.45808E-05	6.47957E-05	5.80354E-11
75.019	4.87021E-05	0.000111625	0.000106712	7.57785E-05
75.0235	0.000831782	0.001999492	0.00175346	0.00130653
75.0446	0.000143502	0.000376799	0.000306652	0.00036023
75.0765	2.94275E-06	9.54105E-07	3.38197E-06	5.44479E-08
76.0268	5.47096E-05	0.000130002	0.000113308	8.48145E-05
76.0313	0.00102022	0.002663801	0.00210711	0.0017426
77.0027	3.39251E-05	0.000230315	0.000401933	0.000282935
77.0347	6.66506E-05	0.000173499	0.000136452	0.00011295
77.0391	0.00761303	0.010618113	0.0059146	0.00604151
78.0061	2.55778E-06	1.31302E-05	2.23069E-05	1.41779E-05
78.0106	7.73597E-05	0.00024304	0.000322498	0.000230915
78.0425	0.000491191	0.00069158	0.000384443	0.000389274
78.047	0.00256902	0.004544428	0.00201786	0.00142763
78.9854	6.63411E-06	7.01679E-05	0.000369514	0.000780916
79.0139	4.59657E-06	1.31102E-05	1.88381E-05	0.000011586
79.0184	7.81879E-05	0.000797488	0.000689429	0.000500362
79.0503	0.000167509	0.00029547	0.000130541	9.15559E-05
79.0548	0.0146095	0.00931072	0.00532776	0.00689483
80.0217	2.27168E-06	4.43892E-05	3.84431E-05	2.65099E-05
80.0262	0.000263545	0.001654102	0.000983189	0.000370778
80.0581	0.000948701	0.000606216	0.000351446	0.000437892
80.0626	0.00329237	0.00224129	0.00121341	0.0013199
81.0296	1.23156E-05	9.04869E-05	5.31139E-05	0.000020799
81.034	0.000739853	0.004168821	0.00249291	0.00253565
81.066	0.00021389	0.000146034	7.87276E-05	8.52118E-05
81.0704	0.0284177	0.006800169	0.00423354	0.00689481
82.0055	7.21723E-06	0.00041901	0.00108953	0.000942675
82.0374	0.000038291	0.000226512	0.000134947	0.000136878
82.0419	0.000677992	0.002664119	0.00185036	0.00197245
82.0738	0.00192006	0.000408512	0.000274658	0.000459615
82.0782	0.00560818	0.002084242	0.0010341	0.00131458
83.0133	2.44103E-10	0.000744934	0.00168125	0.00167676
83.0452	3.69172E-05	0.000143985	0.000101224	0.00010632
83.0497	0.00110913	0.00267133	0.00269946	0.00400561
83.0816	0.000363801	0.000135592	6.73483E-05	0.000084986
83.0861	0.0264965	0.004222606	0.00235988	0.00371472
84.0211	0.000251417	0.001436082	0.0016607	0.00179319
84.053	5.91274E-05	0.000145324	0.000145243	0.000218335
84.0575	0.000469088	0.001584166	0.00109344	0.00119069
84.0894	0.00176561	0.000253209	0.00015111	0.00025198
84.0939	0.0020447	0.000734436	0.000425908	0.000249777
85.0078	0.000091068	5.12497E-05	1.33654E-10	3.35352E-06
85.029	0.000654671	0.002617477	0.00392036	0.00433915
85.0609	2.66758E-05	8.55704E-05	5.94905E-05	0.000064013
85.0653	0.000667707	0.000943325	0.00122678	0.00144363
85.0973	0.000131232	4.8788E-05	0.000027317	1.60624E-05
85.1017	0.0182137	0.001664249	0.00135692	0.00126455
86.0112	8.80993E-06	4.42613E-06	1.92697E-06	1.64433E-06
86.0156	0.000379779	0.000659687	0.00117371	0.000492044
86.0368	0.00023197	0.000405721	5.28972E-11	0.000595552
86.048	1.6727E-09	0.000231962	0.00189363	0.000344687
86.0687	3.58624E-05	5.26855E-05	0.000066163	7.74897E-05
86.0732	0.000158077	0.000287582	0.0011089	0.000333849
86.1051	0.00118685	0.000105133	8.98127E-05	8.14922E-05
86.1096	6.12772E-05	0.000128098	4.61647E-05	6.68106E-05
87.0082	2.35614E-05	7.99319E-05	0.000661838	0.000609478
87.019	2.98863E-05	5.00251E-05	0.000088808	3.73643E-05
87.0235	0.000545128	0.000823681	0.000580115	0.000517605
87.0446	0.000623317	0.001650397	0.00127368	0.00172664
87.0684	4.24379E-07	0.000283762	0.00250036	0.000505691
87.0765	9.46013E-06	1.50264E-05	6.31866E-05	1.74353E-05
87.1129	5.70441E-06	8.56966E-06	4.50971E-06	4.86646E-06
88.0268	4.18587E-05	6.28569E-05	4.24399E-05	3.99174E-05
88.0313	0.000403225	0.000991024	0.000766337	0.0005665
88.0524	9.20503E-05	0.000217179	0.000284635	0.000213074
88.0888	7.31142E-05	9.14809E-05	0.000121135	2.62061E-05
89.0347	3.10952E-05	7.53691E-05	5.79647E-05	4.26705E-05
89.0391	0.00125419	0.003019164	0.00174568	0.00129172
89.0922	5.25681E-06	5.89003E-06	7.6592E-06	8.06845E-07
90.0106	3.99997E-06	3.91265E-06	2.65975E-06	7.1055E-10
90.0425	9.52728E-05	0.00022886	0.000131868	9.78248E-05
90.047	0.000366247	0.001069424	0.000879048	0.00069512
90.0681	7.77799E-06	1.24338E-05	1.08858E-05	9.65809E-11
91.0139	3.38591E-07	4.86978E-07	4.15819E-07	4.59213E-08
91.0503	2.83485E-05	8.09812E-05	6.64477E-05	5.28041E-05
91.0548	0.0126321	0.01135199	0.00483026	0.0057867
92.0262	0.000124031	0.000687235	0.000636453	0.000503171
92.0581	0.000957236	0.000861415	0.000370186	0.00043068
92.0626	0.00150801	0.001083685	0.000542477	0.000580992
93.0296	7.70426E-06	4.51952E-05	4.15428E-05	0.000032293
93.034	0.000184754	0.001094523	0.000815855	0.000774456
93.0704	0.0104713	0.004231437	0.00218349	0.00359227
93.9377	8.51659E-06	2.94604E-06	1.51618E-05	5.05986E-06
94.0266	2.68028E-06	0.000238132	0.000255139	0.000162697
94.0374	1.10628E-05	7.20859E-05	5.30403E-05	4.95387E-05
94.0419	0.00061341	0.002477281	0.000792479	0.000769711
94.0738	0.000800203	0.000318032	0.000167918	0.000268842
94.0782	0.00227196	0.000936675	0.000586013	0.00072002
95.0133	3.60616E-05	0.001484306	0.000909281	0.000853379
95.0452	4.07226E-05	0.000160618	5.15074E-05	0.000049817
95.0497	0.000875218	0.002905308	0.00211142	0.00271625
95.0816	0.000172552	7.0873E-05	4.46427E-05	5.44336E-05
95.0861	0.0206172	0.003594879	0.00237846	0.00411854
96	3.16241E-05	2.93971E-05	0.000135461	0.000208066
96.0211	9.62152E-05	0.001376518	0.00128307	0.00109229
96.053	5.66843E-05	0.000189345	0.000137187	0.000175431
96.0575	0.000410742	0.001142126	0.000909233	0.00104201
96.0894	0.00165366	0.000232648	0.000177061	0.000331211
96.0939	0.00253132	0.000818284	0.000294782	0.000422315
97.0034	3.13562E-06	2.69103E-06	1.18417E-05	0.000018061
97.0078	1.60121E-11	1.39109E-11	6.67267E-05	0.000492263
97.029	0.000110687	0.001936604	0.00208443	0.00244127
97.0609	2.73372E-05	7.40121E-05	5.91746E-05	6.77709E-05
97.0653	0.000844598	0.001499293	0.00120285	0.00184991
97.0973	0.000191842	6.22215E-05	2.23447E-05	3.17484E-05
97.1017	0.0169202	0.001485957	0.00145079	0.00180856
98.0112	7.95191E-10	4.99718E-10	9.70918E-06	4.44033E-05
98.0156	0.000175071	0.000415057	0.000279067	1.5392E-10
98.0368	0.000178998	0.001098703	0.00136757	0.00156605
98.0687	5.44611E-05	9.79836E-05	0.000078278	0.000119493
98.0732	0.000604949	0.001273433	0.000478904	0.000470102
98.1051	0.00132357	9.34897E-05	0.000109537	0.000145175
98.1096	0.00079587	0.00018532	8.76721E-05	5.02508E-11
98.9404	8.96106E-06	7.26956E-10	1.09902E-05	0.000052789
99.0082	1.37039E-09	0.000189221	0.00109875	0.00136391
99.019	1.46037E-05	3.66174E-05	2.47943E-05	6.44016E-10
99.0235	0.000311142	0.00037088	0.000530189	0.000271102
99.0446	0.000363388	0.001037192	0.0019517	0.00202888
99.0765	4.04403E-05	8.32531E-05	3.11852E-05	2.98114E-05
99.081	0.000268099	0.000337542	0.000313244	0.000417618
99.1129	6.14559E-05	1.43302E-05	7.28164E-06	7.81443E-11
99.1174	0.00243037	9.99334E-05	0.000172372	0.000170378
100.016	4.79692E-11	0.000130174	0.000468695	0.000525599
100.027	2.76223E-05	3.22495E-05	4.54535E-05	2.43332E-05
100.031	0.000330156	0.000512404	0.000300068	0.000256592
100.052	6.66402E-11	0.000307011	0.000521024	0.000494986
100.084	1.80476E-05	2.20505E-05	2.05841E-05	2.71533E-05
100.089	8.01766E-05	5.5627E-05	5.65006E-09	8.23136E-11
100.121	0.000184394	7.22831E-06	1.37643E-05	1.29056E-05
100.125	2.09106E-05	3.8588E-05	2.06959E-05	2.20201E-11
101.003	0.000015108	8.30757E-06	1.17485E-06	3.86525E-10
101.024	9.61342E-05	0.000482464	0.00154899	0.00159615
101.035	2.90248E-05	4.4309E-05	2.66907E-05	2.20139E-05
101.039	0.00091459	0.000532011	3.69889E-11	3.91961E-11
101.06	0.000113821	0.0003382	0.000793064	0.00110778
101.092	1.76057E-05	6.22943E-06	2.02314E-06	2.09543E-10
101.097	2.64094E-10	3.80221E-05	0.00023519	0.00045039
101.129	1.46938E-05	3.28583E-06	2.35373E-06	2.73115E-11
102.006	1.67957E-06	8.97108E-07	4.09216E-07	1.26654E-09
102.011	1.82066E-10	2.23289E-11	0.000173855	0.000100065
102.043	6.59665E-05	6.58619E-05	9.30892E-12	8.32354E-12
102.047	0.000679527	0.001759787	0.00105193	0.000695443
102.1	2.41659E-09	7.70871E-07	2.34144E-05	2.69944E-05
103.014	9.73357E-07	1.18247E-09	1.51307E-05	8.78405E-06
103.039	0.000244293	0.000604624	0.000259403	0.00028114
103.05	5.91118E-05	0.000152391	9.05855E-05	6.04966E-05
103.055	0.00139372	0.002390798	0.00106985	0.00107948
104.026	0.000120168	0.00034267	0.000857516	0.00101521
104.047	0.000274644	0.000469853	0.000153344	6.66498E-05
104.058	0.000120746	0.000206929	0.00009261	9.33503E-05
104.063	0.000969749	0.001011696	0.000537462	0.000428627
105.03	1.09797E-05	2.56144E-05	6.49346E-05	7.71713E-05
105.034	0.000431009	0.001297999	0.00149534	0.00143454
105.066	8.42068E-05	8.76513E-05	4.66545E-05	3.69215E-05
105.07	0.00911308	0.004480065	0.00141661	0.00228724
106.037	3.30081E-05	9.85268E-05	0.00011306	0.000108585
106.042	0.000134562	0.000958212	0.000590281	0.000457097
106.063	0.000353982	0.000183262	2.22447E-10	5.53043E-10
106.074	0.000791607	0.000387756	0.000123002	0.000196662
106.078	0.00134511	0.000553988	0.000383908	0.000351529
107.013	3.8092E-11	0.00011256	0.000241346	0.000137965
107.045	1.03066E-05	7.27372E-05	4.48289E-05	3.44438E-05
107.05	0.000808413	0.002542363	0.00085798	0.00120047
107.082	0.000116713	4.78412E-05	3.33346E-05	3.03246E-05
107.086	0.00642624	0.002355522	0.000897167	0.00175987
108.021	0.000078061	0.000528852	0.000442339	0.000367917
108.053	6.23026E-05	0.000192676	6.46243E-05	9.08594E-05
108.058	0.000372068	0.001128939	0.000651357	0.000681768
108.089	0.000571876	0.000196897	7.80168E-05	0.000154177
108.094	0.00132027	0.00043354	0.000193571	0.000332792
109.029	3.59522E-10	0.001119925	0.000922402	0.000847187
109.061	2.93177E-05	8.54567E-05	4.91954E-05	5.16409E-05
109.065	0.000720152	0.001421952	0.00102767	0.00142906
109.097	0.000114748	3.75234E-05	1.68395E-05	2.88519E-05
109.102	0.0103791	0.001351977	0.00106719	0.00180375
110.016	7.81867E-05	0.000151389	0.00020552	0.000220616
110.037	0.000167397	0.001242202	0.00077124	0.000772237
110.069	5.39466E-05	0.000108053	8.04767E-05	0.000106848
110.073	0.000232444	0.000519712	0.000313466	0.000417474
110.105	0.000960334	9.07117E-05	8.96811E-05	0.000169781
110.11	0.000859642	0.000256036	6.59182E-05	0.000119817
111.019	7.72871E-06	1.52869E-05	2.10311E-05	2.08386E-05
111.023	0.000245355	0.000248744	0.000447618	0.000439078
111.045	0.000203956	0.000820234	0.00129563	0.0016092
111.076	1.81201E-05	3.93856E-05	0.000024003	3.17208E-05
111.081	0.000467665	0.00073796	0.000459334	0.000755075
111.113	7.44482E-05	2.23904E-05	5.76364E-06	1.05115E-05
111.117	0.00557046	0.000232947	0.000420393	0.00057267
112.027	2.39299E-05	2.55364E-05	4.17007E-05	4.48153E-05
112.031	0.000217946	0.000334976	0.000187975	0.00015387
112.052	4.47687E-05	0.000331812	0.000456412	0.000651095
112.084	3.58522E-05	5.59369E-05	0.000034991	5.71498E-05
112.089	0.000140833	0.000232896	9.97892E-05	0.000122857
112.121	0.000507267	9.04091E-06	3.60097E-05	5.46349E-05
112.125	0.000376373	0.000114472	6.57925E-05	0.000014061
113.024	2.88016E-11	0.00017154	0.000689485	0.000985727
113.035	2.21783E-05	3.24192E-05	1.91837E-05	1.59042E-05
113.039	0.00057017	0.001037288	0.000449777	0.000238348
113.06	5.87775E-05	0.00018186	0.000462386	0.000681631
113.092	1.11463E-05	1.76112E-05	8.15547E-06	9.20006E-06
113.097	0.000148024	0.000193879	8.68398E-05	0.000146778
113.129	3.22563E-05	1.14884E-05	2.62152E-06	4.1057E-06
113.133	0.00107785	3.23093E-05	7.88477E-05	8.33654E-05
114.032	5.53207E-05	0.000196289	0.000482452	0.00046279
114.043	5.69661E-05	0.000100978	4.30661E-05	2.41209E-05
114.047	0.000282149	0.000665395	0.000189318	0.000150002
114.068	8.01674E-07	4.18949E-05	0.000180245	0.000197634
114.1	1.22869E-05	1.51733E-05	7.30454E-06	1.10302E-05
114.104	2.92773E-05	2.861E-05	6.1455E-06	6.70263E-08
114.136	9.34278E-05	2.80501E-06	7.0749E-06	7.2398E-06
115.05	2.83607E-05	6.42185E-05	1.95455E-05	1.51631E-05
115.055	0.00346929	0.005877237	0.00208397	0.00194256
115.108	2.7277E-06	2.3685E-06	1.16228E-06	3.01216E-08
167.034	0.000863272	0.001977028	1.82102E-10	0.000393492
