PMF_m/z	HOA	BBOA	OOA1	OOA2	OOA3_BB-aq
12	0.00163331	0.00249246	0.00884684	0.0132355	0.00730182
13.0078	0.000700715	0.00238262	0.00399439	0.00423048	0.00405464
15.0235	0.00645882	0.025579	0.0337176	0.026571	0.0303632
15.9949	3.64645E-05	0.000229785	0.000865434	0.00195101	0.00107174
17.0027	0.00022922	0.00143474	0.00540921	0.0121903	0.00670342
18.0106	0.00091745	0.00573848	0.0216378	0.0487612	0.0268145
24	0.000235133	0.00051316	0.00100594	0.00109022	0.000965957
25.0078	0.00103394	0.00203448	0.00363355	0.00380698	0.003349
26.0031	0.00013927	0.000503414	0.000725656	0	0.00290012
26.0156	0.00643854	0.0122765	0.019427	0.0181141	0.0158405
27.0109	0.001151	0.00363373	0.00341778	0.00243846	0.0127258
27.0235	0.0330497	0.0317957	0.0473474	0.0364899	0.0354002
27.9949	0.00407752	0.0255256	0.0961817	0.216725	0.11911
29.0027	0.00175616	0.0421363	0.0491401	0.0012669	0.159628
29.0391	0.0321817	0.0237013	0.0216128	0.0145806	0.0229791
30.0344	0.0014707	0.00723212	0.00673058	0.00333752	0.00514943
30.0469	4.71594E-10	0.000710939	0.000994553	0.000148714	0
31.0184	0.00159326	0.0187249	0.0107372	0.0134524	0.0325209
37.0078	0.00174387	0.00298366	0.00427593	0.00429064	0.00241777
38.0157	0.00367631	0.00556068	0.00753851	0.00724493	0.00397096
39.0235	0.0355007	0.0290463	0.0437269	0.0346223	0.0230823
40.0313	0.00495046	0.00769815	0.00819884	0.00740111	0.00514382
41.0027	6.52384E-11	0.00232886	0.00313443	0.00480926	0.00414033
41.0391	0.0904186	0.0389448	0.0497377	0.0306071	0.0328065
42.0106	0.00120563	0.0124044	0.0203184	0.0271566	0.0144806
42.0344	0.0030313	0.00427715	0.00454223	0	0.00714969
42.047	0.0158946	0.00739199	0.0100745	0.00565766	0.00512538
43.0184	0.0109277	0.0402063	0.0984888	0.0936471	0.0793971
43.0548	0.0793941	0.0237275	0.0149142	0.00596774	0.0139945
43.9898	0.00407752	0.0255256	0.0961817	0.216725	0.11911
44.0262	1.57268E-10	0.0101241	0.00737137	0.00288004	0.00883617
44.05	0.00123859	0.00416711	0.00359053	0	0.00399642
44.0626	0.000586674	0	0	0	0
44.9977	0.000533079	0.00256172	0.00839766	0.0158777	0.00975618
45.034	0.000784512	0.0118335	0.00476362	0.00493158	0.0102804
46.9955	1.17946E-05	0	5.92637E-05	0	0.00182328
47.0133	0.000176095	0.00334599	0	0	0.00954742
49.0078	6.16617E-11	0.00118033	0.000922504	0.00118925	0.00033004
49.0289	2.84782E-06	0.000082406	0.00011782	8.20374E-05	0.000194655
50.0157	3.49E-03	0.00602802	0.005557	0.00621206	0.00278457
51.0235	0.00574069	0.00968158	0.00837831	0.00785369	0.00403079
51.9949	1.89748E-10	0.000350647	0.000100785	0.00020975	0.000515544
52.0313	0.00252122	0.00508297	0.004797	0.00465458	0.00208485
53.0027	1.4778E-10	0.00365668	0.00202903	0.00339787	0.0038963
53.0391	0.0118326	0.00901611	0.0123144	0.0101458	0.005733
54.0106	2.34294E-10	0.00189504	0.00149232	0.00300036	0.00352649
54.0218	0	0.00102338	0.000824937	0.000253909	0.00118198
54.047	0.0105072	0.00568149	0.00701353	0.00460381	0.00193432
55.0184	0.00450051	0.0186584	0.019802	0.0198998	0.0161933
55.0548	0.0777581	0.0251108	0.0195283	0.0104246	0.0165361
55.9898	1.44813E-10	0.000298668	4.65924E-05	0.00032203	0.00126356
56.0262	1.51925E-09	0.00826254	0.00417066	0.00444093	0.00535578
56.0626	2.29E-02	0.00529439	0.00566037	0.00242407	0.0052282
57.034	0.00176205	0.0215197	0.00718688	0.0078361	0.0132749
57.0704	0.0739707	0.0131262	0.00316351	0.00254508	0.00871801
58.0055	5.14792E-10	0.00177866	0.000513088	0.00225659	0.0039874
58.0419	0.00069627	0.00180916	0.00665308	0.00484224	0.00315618
58.0783	3.15864E-11	0.000515797	0	0	0.000131888
59.0133	5.15071E-05	0.00191709	0.000389483	0.00163883	0.00258454
59.0497	0.00048368	0.00168926	0.00443154	0.00394049	0.00217344
59.0735	0.000138731	7.19114E-05	0.000356647	0.00E+00	0.000557646
60.0211	0.000529703	0.0258316	0.00297321	0.00300455	0.0111573
60.0575	0.000013134	0.000412986	0.000442262	0	0.000372382
61.0078	0.000251323	0.000475708	0.000444097	4.68E-04	0.000274499
61.0289	0.000307694	0.00476654	0.00120015	0.00172857	0.00242529
62.0157	0.000858822	0.00201172	0.00121218	0.00155109	0.000698153
62.0368	5.7325E-12	0.000302373	0.000289581	6.36345E-05	0.000220601
63.0235	0.00219732	0.00517902	0.00317715	0.0029393	0.00202672
64.0313	0.00100567	0.0020821	0.00072313	0.000275473	0
65.0027	0	0.000183282	0.000124848	0	0.000790604
65.0391	0.00603204	0.0071403	0.00598733	0.00527833	0.00239723
66.0106	1.79441E-05	0.000904833	0.000335291	0.000552605	0.000700147
66.047	0.00232336	0.00291298	0.0031589	0.00273155	0.000924566
67.0184	6.40768E-12	0.00148287	6.09381E-05	0.000942017	0.0016496
67.0548	0.031958	0.0113876	0.0128498	0.00836273	0.00602654
67.9898	2.69771E-11	0.000195071	4.85054E-05	0.000410307	0.000690656
68.0262	1.06929E-10	0.0040465	0.00306565	0.00366608	0.00344622
68.0626	0.00899013	0.00387132	0.00416404	0.00267939	0.00121054
68.9977	6.80799E-11	0.00161375	0.00157223	0.00310508	0.00227737
69.034	0.000735572	0.00655094	0.00464691	0.00528513	0.00508008
69.0704	0.0461327	0.0126229	0.00743503	0.0042026	0.00672797
70.0055	3.77779E-10	0.000539195	0.000561836	0.00127839	0.000766852
70.0419	6.35325E-11	0.00382813	0.00359555	0.00304223	0.00213766
70.0738	0.0025404	0.000686354	0.000394827	2.24E-04	0.000360226
70.0782	0.0105661	0.00308897	0.00199685	0.000789886	0.00179582
71.0133	2.85651E-11	0.00406452	0.00241144	0.0051792	0.00262563
71.0497	0.00116987	0.00299081	0.00599836	0.00430542	0.00414955
71.0861	0.0316444	0.00464261	0.000649948	0.00105195	0.00264928
72.0211	0.000015577	0.00143938	0.00085274	0.00162264	0.0014676
72.0575	0.000164649	0.000773097	0.00138975	0.00100998	0.000838298
72.0939	5.90E-11	0.000250262	0.000137612	0	9.01807E-05
73.0078	7.22648E-11	0	9.72E-05	0	2.81243E-05
73.029	6.35065E-10	0.011897	0.000132979	0.00352218	0.00251839
73.0402	1.25906E-05	0.00358691	0.00253115	0.00122103	0.00189012
73.0653	6.35824E-05	0.000284664	0.000663503	0.000226188	0.000422822
74.0156	0.000853298	0.00145639	0.000428345	0.00119974	0.000404963
74.0368	0.000292034	0.00256806	0.00150405	0.00174256	0.00175132
74.0732	4.45656E-05	6.56423E-05	0.000131455	0	0.000151881
75.0082	2.96E-11	2.89627E-06	0	0	0.000203494
75.0235	0.000648588	0.00208361	0.000560202	0.00127319	0.00032109
75.0446	2.81556E-11	0.000638019	0.000789193	0.000744668	0.000227015
75.9441	1.18985E-09	1.30376E-05	3.03297E-05	2.61283E-05	4.84076E-05
76.016	1.05671E-09	0	0	0.000814778	0.00039876
76.0313	0.0010618	0.00300309	0.0011807	0.00220163	0.000324848
77.0391	0.00848864	0.00913018	0.0068519	0.00617879	0.00360115
77.0603	9.88214E-12	0.00113604	0.00233824	0.000236631	0.000415837
78.0106	0	0.000313004	0	0.00E+00	0.000163847
78.047	0.00298685	0.00384827	0.00313985	0.00242567	0.00071055
79.0184	4.7487E-11	0.000808495	0	0.000148984	0.000950944
79.0548	0.0158197	0.00749841	0.0091342	0.00600951	0.00442475
80.0262	0.000231358	0.00102348	0.000872703	0.000617689	0.00093088
80.0626	0.00369199	0.00215921	0.00221522	0.00141249	0.000670602
81.034	0.000282715	0.00329968	0.00256865	0.00252829	0.00203915
81.0704	0.0258984	0.00808425	0.00646639	0.0032189	0.00466137
82.0055	9.16202E-08	0.000396576	3.27E-04	5.29E-04	0.000937675
82.0419	2.39E-04	0.00201877	0.00257687	0.00270097	0.0010529
82.0782	0.00635964	2.35E-03	2.16E-03	1.01E-03	1.02E-03
83.0133	3.33E-11	0.000791833	0.000522162	0.00121413	0.00129462
83.0497	0.000830826	0.00199954	4.96E-03	0.00338678	0.00340412
83.0861	0.0230179	0.00527436	0.00235358	0.00123352	0.00245355
84.0211	2.69461E-11	0.00132309	0.000953164	0.00183919	0.000983465
84.0575	1.17846E-10	0.00247393	0.00290694	0.00156198	0.000544187
85.029	1.34026E-10	0.00346137	0.00330428	0.00512554	0.00231896
85.0653	0.000478047	0.000848011	0.00213892	0.00127499	0.00154136
85.1017	0.015586	0.00189101	0.000206553	0.000606437	0.000945231
86.0156	0.000250514	0.000510351	7.99581E-05	0.000263532	0.000154908
86.0368	7.39687E-11	0.000966256	0.00124216	0.00160505	0.000737879
86.0732	0.000189649	0.000236832	0.000419532	0.000179092	0.000546843
87.0082	3.84591E-11	0.000250917	0.000560442	0.00134344	0.000132339
87.0446	0.000283903	0.00213898	1.58E-03	0.00186007	0.0011026
87.081	4.35229E-05	0.000195232	0.000270811	0	0.000375278
88.016	0	1.12677E-06	3.49909E-05	0.000213248	0.000204967
88.0313	0.000167206	0.00103848	0.000153463	0.000382097	0
88.0524	0.000111913	0.000358087	0.000371306	0.000395318	0.000287838
88.0888	0.000102425	4.00694E-05	0	0	8.85271E-05
89.0027	2.77991E-05	0.000138954	0.00E+00	0.00E+00	7.59E-06
89.0391	8.64E-04	0.00302614	1.25E-03	1.72E-03	2.69E-04
89.0603	8.09812E-12	0.000421282	0.000437259	0	7.70029E-05
90.0317	2.01404E-09	0	0	0.000113009	5.43155E-05
90.047	0.000277961	0.00109275	7.27E-04	7.13E-04	0.000246518
91.0548	1.32E-02	0.0094008	0.00791008	0.00534039	0.00336684
92.0262	9.06853E-12	0.000803582	7.06E-05	0.000421819	0.000364605
92.0626	0.0023765	0.00130628	1.40E-03	0.000907372	0.000377864
93.034	8.82273E-12	0.000939254	0	0.000385315	4.87E-04
93.0704	9.58E-03	0.00421836	0.00380359	0.00215936	0.00231916
94.0419	1.09886E-10	0.00223351	1.20E-03	0.00124001	0.000441563
94.0782	2.25E-03	0.00113322	1.19E-03	0.000607696	0.00045401
95.0133	2.38729E-11	0.00154277	0.000118832	0.000440915	0.000948418
95.0497	0.000116738	0.00228647	0.00276948	0.00269148	0.00170772
95.0861	0.0177583	0.00479856	0.00336695	0.00148754	0.00285082
96	1.58676E-11	0	0.000261828	5.01372E-05	3.93949E-05
96.0211	2.32986E-05	0.00150874	0.000413005	0.000944985	0.00121094
96.0575	4.47424E-11	0.00104311	0.00154175	0.0014013	0.000494739
96.0939	0.00176784	0.00145901	0.00110941	0.000296878	0.000267984
97.0078	0	0	0	0.000110951	0
97.029	3.93879E-11	0.00229241	0.00151799	0.00244635	0.00116033
97.0653	5.74878E-11	0.00134947	0.00259793	0.00161754	0.00124842
97.1017	0.0148778	0.00225979	0.000754713	0.000621906	0.00131366
98.0368	1.50546E-11	0.00234728	0	0.000859916	0
98.0732	0.000706108	0.00103445	0.00172273	0.000659209	0.000460795
99.0082	8.20688E-11	0.00053703	0.00012166	0.000962642	0.000932153
99.0446	6.56189E-11	0.00182446	0.00267533	0.0032266	0.000959502
99.081	0.000211612	0.000361248	0.00105016	0.000311627	0.00056417
99.1174	0.0026251	0.00021573	0	0.000104825	0.000144435
100.016	3.52859E-06	0	0.000355604	0.00064465	0.000389189
100.031	9.33051E-11	0.000757784	0	1.52811E-05	1.50919E-06
100.052	6.35804E-11	0.000505559	0.00081454	0.000929036	0.000275791
100.089	4.03378E-06	9.55735E-05	0.000121319	0	7.33961E-05
101.024	2.66485E-06	0.000441669	0.000510972	0.00194491	8.99852E-05
101.039	0.000119384	0.00139246	0.000285691	0.00054552	0.000020617
101.06	1.10655E-10	0.000693854	0.000805817	0.000605907	0.000370859
101.097	3.61938E-05	4.34642E-05	5.53885E-05	0	5.40779E-05
102.011	0	0.0002335	0	0.000213797	0.000111824
102.047	0.000501977	0.00214985	0.000949585	0.00105714	0.00042181
102.104	4.57502E-06	3.67047E-05	5.45222E-05	0	1.80043E-05
103.018	1.53503E-09	0.00031976	1.32779E-05	0.000431072	0.000138652
103.055	0.00132528	0.0026771	0.00156521	0.00133565	0.000536089
104.026	2.08506E-11	0.000796464	0.000226926	0.00089634	0.000152603
104.063	0.00145173	0.00129027	0.000982511	0.000677746	0.000175954
105.034	2.83035E-12	0.00147089	0.000436757	0.00115997	0.00041739
105.07	0.00754419	0.00391784	0.0028932	0.00151072	0.00137931
106.042	8.59321E-12	0.000982847	0.000503152	0.000451717	0.000183761
106.078	0.00156089	0.000896497	0.000732615	0.000443243	0.000240625
107.05	5.42498E-12	0.00221489	0.00105758	0.000974194	0.000474515
107.086	0.00527556	0.00254682	0.00207495	0.00091036	0.00112906
108	0	0	5.24628E-06	7.10413E-07	4.23113E-06
108.021	8.62118E-11	0.000510492	9.08557E-05	0.000225289	0.00021562
108.058	0.000121482	0.000909766	0.000894681	0.000865961	0.000253793
108.094	0.00125447	0.000615367	0.00063956	0.000248363	0.00032993
109.029	1.19444E-11	0.00119644	0.000371386	0.000703687	0.000368524
109.065	3.26352E-05	0.00103717	0.00158366	0.00132675	0.000988877
109.102	0.00865583	0.00221348	0.00145101	0.000546769	0.00131447
110.037	1.97239E-11	0.00116554	0.000724864	0.00103676	0.000236065
110.073	8.42292E-05	0.000530023	0.000724955	0.000526424	0.000243581
110.11	0.00111384	0.000361319	0.000229573	5.27913E-05	0.000162344
111.023	2.65955E-05	3.98086E-05	0	0	0.000152022
111.045	1.91386E-11	0.00134303	0.00154185	0.00208481	0.00065569
111.081	0.000287899	0.000467462	0.00132618	0.000567365	0.000778097
111.117	0.00494956	0.000694539	0.000101697	0.000198708	0.000421058
112.016	9.57032E-11	0.000114993	9.85118E-05	0.000282788	0.000243611
112.052	4.95006E-11	0.000641996	0.000682142	0.000903535	0.000207472
112.089	4.81063E-05	0.000231456	0.000332183	0.000121673	0.000106322
112.125	0.00068813	0.00013684	2.59522E-05	0	0.000171985
113.024	2.1332E-11	4.04348E-05	0.000389914	0.000864662	0.000378836
113.039	6.73977E-05	0.00129058	0	2.77572E-05	2.23016E-05
113.06	7.98765E-11	0.000735605	0.00105287	0.00109512	0.000205999
113.097	6.40308E-05	0.000168704	0.000313113	8.97079E-05	0.000221924
113.133	0.00131799	0.000116956	0	4.36558E-05	9.02508E-05
114.032	2.83884E-11	0.000102831	0.00011406	0.000444133	6.81155E-05
114.047	4.08671E-05	0.000869384	4.08062E-05	8.85278E-05	5.8236E-06
114.068	1.09357E-10	0.000313689	0.000363144	0.000386964	5.02486E-05
114.104	8.40274E-06	2.47292E-05	3.02946E-05	1.83949E-06	6.10331E-06
114.141	6.92205E-06	2.20704E-07	6.6219E-06	1.52211E-06	5.19804E-06
115.003	3.49503E-10	0.00011901	0	0	0.000237849
115.039	6.19174E-12	0	0.000011424	0.00000462	1.61332E-05
115.055	0.00256067	0.00501894	0.00162347	0.00214597	0.000699155
115.076	0.000342991	0.000933525	0.00124898	2.76922E-05	0.000197431
115.112	0	0	9.84406E-06	1.79032E-06	7.78217E-06
116.026	0	0.000198817	0	8.55399E-05	0.000100229
116.047	0	1.53905E-05	0.000033888	1.61275E-05	0
116.063	0.00108727	0.00174352	0.000573607	0.000637894	0.000151651
116.084	0	7.67429E-05	0.00018285	0	0
117.034	0	0.000345704	0	0.000291592	0.000126957
117.055	0	0	5.86742E-06	0	0
117.07	0.00320599	0.00242208	0.00116687	0.000986156	0.000439759
117.092	0.000391312	0.000351151	0.000522723	0	0.000114931
118.042	0.000100757	0.000775121	0.000275073	0.000494577	0.000221493
118.063	0	0.000123087	0.000014451	0	0
118.078	0.00154392	0.000841044	0.000620992	0.000306101	0.000245024
118.998	0	4.86158E-06	2.56775E-05	1.15517E-05	2.92778E-05
119.05	0	0.00122483	0.000500284	0.000552296	0.000351266
119.086	0.00511925	0.00219395	0.00132318	0.000627612	0.000744233
120.021	0.000124997	0.000250927	2.03194E-05	0.000274334	0.00019238
120.058	5.29354E-05	0.00108419	0.000557455	0.000511824	5.69652E-05
120.094	0.0014749	0.000738837	0.000529591	0.000247373	0.000202371
121.029	0.000341084	0.00106778	0.000137381	0.000591258	0.000251308
121.065	0	0.00141461	0.000839766	0.000741171	0.000276272
121.102	0.00339675	0.00161838	0.00111042	0.000345513	0.00054092
122.037	6.33437E-05	0.00123742	0.000270781	0.000557022	0.000113127
122.073	4.47833E-05	0.00084787	0.000633504	0.000463919	0.000145838
122.11	0.000920626	0.000426568	0.000347423	0.00009237	0.000163196
123.008	0	2.22768E-05	0	0.000116837	0.000221112
123.045	9.26359E-05	0.0017699	0.000483631	0.000718247	0.000134122
123.081	0	0.000711714	0.000884033	0.000558921	0.000421439
123.117	0.00389085	0.000880751	0.000448629	0.000160236	0.000539948
124.016	1.41248E-05	0.000167969	2.47891E-05	0.000174375	0.000144345
124.052	5.91168E-06	0.00100777	0.000451356	0.000608126	6.71174E-05
124.089	0	0.000384042	0.000442924	0.000186307	0.000159047
124.125	0.000836938	0.000234949	0.000123013	2.48722E-05	0.000125955
125.024	3.61798E-05	0.000442001	0.000206934	0.000540584	0.000136688
125.06	0.000203861	0.000956117	0.000720022	0.00103256	0.000184142
125.097	0	0.000323827	0.000664005	0.000191423	0.000295104
125.133	0.00156769	0.000230328	4.34111E-05	6.37834E-05	0.000137851
126.032	0	1.54489E-05	3.63034E-05	0.000247313	0.000204787
126.047	8.30596E-05	0.00135249	0	2.28747E-05	0
126.068	0.000117936	0.00039419	0.00038067	0.000407129	0.000112966
126.104	0	0.000110724	0.000159629	0	0.000109429
126.141	0.000414864	7.10325E-05	2.09621E-05	2.07332E-05	0.00003303
127.039	0	2.52729E-06	8.25439E-06	0.000524046	0.000229741
127.055	0.000616917	0.00203015	0.000345989	0.000482276	0
127.076	7.97716E-05	0.000570988	0.000615266	0.000340097	0.000228789
127.112	9.84349E-05	0.000121245	0.000196346	4.04091E-05	0.0001011
127.149	0.000633557	7.06751E-05	3.63846E-06	2.30615E-05	3.87265E-05
128.047	0	0	0	1.38881E-05	3.23014E-05
128.063	0.00183186	0.00295003	0.000735683	0.000777205	0.000248081
128.084	0.000310481	0.000574009	0.000749509	8.62214E-05	0.000172727
129.034	0.00006306	0.000477953	0.000103753	0.000514393	0.00025701
129.07	0.00205	0.00239661	0.00073845	0.00072787	0.000368514
129.092	0.000378878	0.000597285	0.000669349	1.58946E-05	8.15859E-05
130.042	2.67933E-05	0.000505689	9.77558E-05	0.000318972	0.000122106
130.078	0.00125776	0.00112124	0.000667123	0.000352668	0.000102413
131.05	0	0.00148226	0.000344475	0.000566435	0.000193472
131.086	0.00257616	0.00180574	0.00101647	0.000430093	0.000281153
132.021	7.11751E-05	5.87942E-05	0	0.000091055	0.000104328
132.057	2.41156E-05	0.00105167	0.000402437	0.000399804	0.000055034
132.094	0.000873614	0.000608933	0.000412143	0.000159476	0.000129923
133.029	1.62482E-05	0.00037036	7.34801E-05	0.000508956	0.000110621
133.065	0	0.00172228	0.00032339	0.000318892	0.000093542
133.102	0.00330277	0.0013544	0.000855307	0.000289993	0.000345373
134.037	4.14834E-05	0.000560427	0.000133641	0.000360013	0.000119781
134.073	0	0.000809985	0.000370644	0.000285096	3.09004E-05
134.109	0.000864964	0.000408305	0.000287064	8.15178E-05	0.00011907
135.045	0.000138241	0.00105046	0.000273298	0.000477069	0.000186737
135.081	0	0.000663953	0.000583302	0.000375592	0.000211401
135.117	0.00216845	0.000835386	0.000535126	0.000118485	0.000299984
136.016	1.18985E-05	0.00011151	6.64165E-06	0.000110341	0.000109298
136.052	0	0.000866122	0.000269147	0.000389182	3.87184E-05
136.089	0	0.00040022	0.000329375	0.000173436	7.48232E-05
136.125	0.000526617	0.000225808	0.000147598	1.47095E-05	7.82246E-05
137.024	0.000027884	0.000203629	7.69301E-05	0.000326607	0.000186998
137.06	0.000181718	0.00237768	0.000415532	0.000452497	2.52761E-05
137.097	0	0.000494998	0.000478357	0.000141619	0.000191989
137.133	0.00161992	0.000244997	0.000149162	0.000051808	0.00019736
138.032	2.47917E-05	0.000482735	9.84436E-05	0.000302674	0.00010536
138.068	2.64208E-05	0.00106939	0.00028169	0.000287455	0
138.105	0	8.78546E-05	0.000165755	4.37268E-06	0.000109098
138.141	0.000431214	0.000137222	3.66984E-05	0	9.40461E-05
139.04	0.000101856	0.0011157	0.000505769	0.000814089	5.40138E-05
139.076	0.000271329	0.00133518	0.000729727	0.000651215	0.000040814
139.112	0	0	7.25917E-05	0	4.64433E-05
139.149	0.000463644	0.0001458	0.000030087	2.49252E-05	0.000049989
140.011	0	0	0	5.29432E-06	4.39198E-05
140.047	5.12534E-05	0.000668172	0.000249756	0.000428234	0
140.084	5.71672E-05	0.000525482	0.000259502	0.000185388	3.24157E-05
140.12	0	0	1.75581E-05	0	9.99891E-06
140.156	0.000192915	4.91413E-05	0.000006815	8.15198E-06	1.51089E-05
141.019	0.000203282	0.000172822	0.000177948	0.000277372	0.000441142
141.055	0	0	1.49292E-05	5.36237E-06	0
141.07	0.00113821	0.00204072	0.000108204	0.000707245	0.000050915
141.092	0.000309692	0.000594114	0.000650168	0	0.00017445
141.164	0.000351491	4.25299E-05	4.53261E-05	1.18825E-05	3.89239E-05
142.042	0	0.00026186	0	0.000205413	7.04607E-05
142.078	0.000765146	0.00112788	0.000095144	0.000270207	0
142.099	0.000124568	0.000190813	0.000114391	0	1.27498E-05
142.136	4.05685E-07	4.94766E-06	8.05085E-06	0	3.05436E-06
142.172	2.11762E-05	6.02238E-06	0	0	4.27472E-06
143.034	3.26991E-05	0.000216636	0	0.000146315	5.42573E-05
143.05	0	0.000138652	0	9.17525E-05	4.99579E-05
143.086	0.00128593	0.00122413	0.000381322	0.000366138	6.24011E-05
143.107	0.000307025	0.000264377	0.000164673	0	0
144.021	0	2.59364E-05	0	2.41677E-05	4.43076E-05
144.057	0	0.000762818	0.00024735	0.000284177	1.90435E-05
144.094	0.000571443	0.000709218	0.000258539	0.000122802	2.32738E-05
144.115	0.000016375	1.34736E-06	1.18942E-05	0	3.54182E-06
145.029	0.0000205	0.000158485	0	0.000145276	7.35093E-05
145.065	0	0.00118114	0.000489356	0.000389322	5.30407E-05
145.102	0.00159076	0.00116715	0.000398116	0.000179222	0.000133812
145.123	0.000289147	7.93031E-05	2.41865E-05	0	0
146.037	2.93652E-05	0.000351563	4.81264E-05	0.000253009	0.000103395
146.073	0	0.000787353	0.000336294	0.000276493	9.34348E-06
146.109	0.000512385	0.000353547	0.000202141	3.44404E-05	6.01682E-05
147.045	0.000209295	0.00104291	0.000159469	0.000452697	0.000231114
147.081	0	0.000899195	0.00046065	0.000303563	0.000223598
147.117	0.00135674	0.000641412	0.000373962	7.11132E-05	0.000149476
148.016	0.000070452	4.43652E-05	0	0.000163633	0.000111052
148.052	9.72343E-05	0.000778493	0.000151618	0.000338468	4.70316E-05
148.089	0	0.000413006	0.000233503	9.87984E-05	0.000083004
148.125	0.000379397	0.000199964	0.00010267	2.20532E-05	3.02941E-05
149.045	0	0.00163529	0.000339843	0.000431981	4.17931E-05
149.097	0.00047482	0.000715198	0.000569536	0.000194991	0.000293931
150.032	0.000306706	0.000448243	2.75263E-05	0.000305582	7.25402E-05
150.068	0	0.0011162	0.000212619	0.000212938	0
150.105	0.000174227	0.000149867	0.000202833	3.68197E-05	9.20598E-05
151.04	4.46245E-06	0.00042847	0.000108044	0.000241677	0.000223187
151.055	7.39098E-06	0.000189504	0	0	0
151.076	1.44344E-05	0.00104573	0.000366764	0.000232464	0.000154958
151.112	0	0.000154247	0.000187703	8.00328E-06	7.77015E-05
151.149	0.000698278	0.000115819	5.69316E-06	5.12374E-06	9.15887E-05
152.063	0.000734673	0.00223543	0	6.90667E-05	0
152.084	0	0.000808968	0.000326047	3.80218E-05	0.000053196
152.12	0.000102954	6.28747E-05	0.00009593	0	2.54465E-05
153.055	0.0002618	0.0013092	0.000326418	0.000522867	0
153.092	0.000468678	0.00114318	0.000638137	0.000264421	0.000139163
153.164	0.000209454	2.10797E-05	5.96016E-05	1.32715E-06	5.10032E-05
154.027	0	0.000158244	1.14852E-05	0.000121613	6.29232E-05
154.063	0	8.34892E-06	0	1.37941E-05	2.54505E-06
154.078	0.000440642	0.00118003	0.000461252	0.000185338	0.000034393
154.172	0.000101496	3.79954E-05	3.83919E-05	7.5641E-06	2.10449E-05
155.034	0	0.000373904	8.94791E-05	0.000357874	5.80907E-05
155.086	0.000973152	0.00137676	0.000736866	0.000445652	3.31854E-05
155.18	0.000233165	4.51012E-05	6.77861E-05	0	3.70468E-05
156.042	0	0.000268877	5.85458E-05	0.000166071	3.23696E-05
156.079	0	9.13682E-05	0	2.11769E-05	8.18375E-07
156.094	0.00055694	0.000576556	0.000280497	3.77021E-05	6.70192E-05
157.014	0	3.03299E-05	0	0	5.02857E-05
157.05	2.58524E-05	3.54181E-05	0	4.30862E-05	9.55865E-05
157.065	0	0.000563387	1.48209E-06	3.65199E-05	0
157.102	0.00115499	0.000923498	0.000448238	0.000145936	8.37106E-05
158.037	0	7.42391E-05	0	9.63991E-05	7.31355E-05
158.073	0.000205299	0.000691911	0.000261327	0.000170698	0
158.109	0.00054871	0.000436726	0.000200968	2.91722E-05	4.74004E-05
159.045	0	5.31342E-05	0	0.000147385	5.38855E-05
159.066	0	0.000828147	0.000193268	6.95863E-05	0
159.102	0	0.000108248	0	0.000012658	4.33916E-05
159.117	0.00130041	0.000687814	0.000199705	0	2.31545E-05
160.016	0	1.52485E-05	0	1.30857E-05	3.13674E-05
160.052	4.45057E-06	0.000539305	8.13337E-05	0.000217105	0
160.089	0	0.000521677	0.00021686	7.94083E-05	7.84661E-06
160.125	0.000309952	0.000214683	9.16057E-05	9.84347E-06	1.85996E-05
161.024	3.07075E-05	5.72086E-06	6.01601E-06	0.000095243	9.10005E-05
161.06	7.18233E-05	0.00110382	0.000105938	0.000244066	1.67565E-05
161.097	4.04027E-05	0.000531855	0.000322066	8.55949E-05	6.48113E-05
161.133	0.00103284	0.000449612	0.00020174	4.22748E-05	9.43217E-05
162.032	0	5.69116E-05	4.02628E-06	1.79212E-05	0.000157103
162.047	2.85192E-05	2.82872E-05	0	4.49329E-06	0
162.068	0	0.000710647	4.81365E-05	0	4.96473E-05
162.105	6.07788E-05	0.000252145	0.000118722	3.34721E-05	0
162.141	0.000280907	0.000132571	3.55324E-05	0	1.23339E-05
163.024	0	0.000014727	0.000098588	0.000123222	9.88967E-05
163.055	0	0.00109144	0	0	1.58696E-06
163.076	0.000139779	0.000662514	0.000327129	5.68404E-05	0.000052712
163.112	0	4.96256E-05	3.64899E-05	0.000014063	7.18226E-05
163.149	0.000695601	0.000241	0.000082224	0	9.59422E-05
164.011	4.04656E-06	8.38195E-06	0	6.62327E-05	6.53134E-05
164.047	0	0	0	5.19899E-06	3.74276E-07
164.063	0.000084415	0.00109818	0.000223788	0.000228956	0
164.12	0	0.000293392	0.000150024	2.22941E-05	0.000020169
165.019	0	0.000062174	1.46585E-05	0.000168779	0.000139775
165.07	0.000465442	0.00205089	0.000266139	0.000379439	0
165.128	0	0	2.57827E-05	2.30365E-06	1.24111E-05
165.164	0.000332434	0.000103254	0	0	2.16402E-05
166.027	5.27266E-05	9.92049E-05	0	0.000194081	4.23965E-05
166.078	0.000388006	0.00118799	0.00036924	0.000247393	0
166.172	0.000098323	6.90884E-05	5.46887E-05	4.63279E-07	2.27085E-05
167.034	0.000372495	0.000230469	0	0.000234493	8.50385E-05
167.086	8.04798E-05	0.00237315	0.000284177	5.84772E-05	0
167.107	1.16648E-05	0	0.000132538	1.64632E-05	0
168.042	1.58157E-05	0.000505377	6.83917E-05	0.000170498	6.23129E-06
168.094	0.000324015	0.00099814	0.000293662	0.000127039	0
168.188	6.27155E-05	0	2.30576E-05	1.16267E-07	1.43703E-05
169.05	2.40986E-05	0.000443491	0.000125219	0.000253439	5.96761E-05
169.087	0	3.44516E-05	0	1.94881E-06	0
169.102	0.000791494	0.000664829	0.000335251	3.86114E-05	0.000135425
170	3.09702E-06	1.57559E-05	3.7302E-06	0	1.47201E-05
170.073	0	0.000360151	2.00507E-05	0	0
170.109	0.000283324	0.000379018	0.000150335	5.23966E-05	3.04213E-06
171.029	0	0.000109063	0	6.18178E-05	5.56854E-05
171.066	5.58279E-05	0.000699996	0	0.000043337	1.38983E-05
171.117	0.000660444	0.000618478	0.00026632	7.49475E-05	1.42932E-05
172.074	4.40083E-05	0.000583734	0.000195794	0.000229306	1.54908E-05
172.125	0.000202483	0.000261599	0.000132247	2.97088E-06	0
173.024	0	7.70721E-05	0	0.000088147	5.46331E-05
173.06	1.67246E-05	0.000502599	0	0.000145716	0
173.081	2.49096E-05	2.80385E-05	0	0	0
173.097	0	5.50732E-06	5.09709E-06	9.3854E-06	2.04065E-06
173.133	0.000598759	0.000425339	0.000173365	3.24188E-05	4.10706E-05
174.032	4.49202E-05	0.000136256	0	0.000164632	4.30288E-05
174.068	1.95591E-05	0.000644976	1.96546E-05	1.05415E-05	0
174.105	8.53938E-07	3.07125E-05	9.67672E-06	0	0
174.141	0.000131939	0.00015317	3.91579E-05	1.4043E-06	1.64318E-06
175.024	6.68674E-05	0.000170093	0	0.00026556	6.17577E-05
175.076	0.000279998	0.00097141	0.000148991	0.000201506	0
175.112	0	1.75872E-05	3.85182E-05	0	1.67826E-05
175.149	0.000460897	0.000296705	0.00011041	2.19423E-05	4.16488E-05
176.011	0	0	0	4.38887E-05	5.10573E-07
176.063	0.000250484	0.00118899	0.000216749	0.000256087	0
176.156	0.00011484	0.000184732	9.90212E-05	1.56438E-05	1.48674E-05
177.019	0	0	5.65245E-06	0.000176164	0.000019712
177.07	9.60677E-05	0.00129168	0.000222314	0.000239829	3.1621E-06
178.027	0	0	0	8.45356E-05	3.24297E-05
178.078	0.000577515	0.00142629	0.000344696	0.000197169	0
179.034	0	7.18893E-05	8.95202E-06	0.000189025	5.69753E-05
179.086	0.000535976	0.00127155	0.000359043	0.000223171	0
180.094	0.00027838	0.000911004	0.000231368	0.000190534	0
181.087	0	0.00183312	0.000171912	0.000290822	0
181.102	7.57136E-05	0	2.45986E-05	0	0
185.097	0.00031107	0.00102992	0.000318116	0.000186407	8.35231E-05
188.063	0.000117477	0.000702029	0.000140559	0.000204614	0
189.07	0.000505183	0.00151206	0.000268165	0.00029338	0
189.164	0.000304099	0.000326837	0.000166046	2.39809E-05	1.43683E-05
190.078	0.000216696	0.000923881	0.00019039	0.00018154	0
190.172	8.55526E-05	0.000122655	6.66742E-05	9.1065E-07	1.8321E-06
191.002	0	3.27572E-05	3.18477E-05	0.000140749	5.49338E-05
191.086	0.000335091	0.00107281	0.000294795	0.000229956	0
192	5.12904E-06	1.96873E-06	4.41801E-06	7.18057E-05	2.43571E-05
192.079	0.000227692	0.000742602	0.000175561	0.000145336	0
194.073	1.55091E-05	0.000438025	6.52725E-05	0.000160905	4.29316E-06
194.094	2.36072E-07	3.17253E-06	0	0	0
194.109	0.000236012	0.000371356	4.81375E-05	0	0
195.081	0	0.000610383	9.96759E-05	0.000203884	0
195.102	1.02824E-06	7.36934E-07	3.15389E-08	0	0
195.117	0.000315984	0.000438317	0.000134985	0	0
196.089	0.000118935	0.000723262	0.000167199	0.000115537	0
196.219	3.92701E-05	2.73337E-05	1.77196E-05	1.17876E-06	3.90602E-06
197.097	0	0.00087328	8.53974E-05	0.000208501	0
197.118	0.000132318	0	8.05195E-06	0	0
