PMF_m/z	HOA	BBOA	OOA1_BB	OOA2_BB-aq	OOA3
12	0.000702874	0.002540118	0.00959119	0.00574106	0.00591934
13.0034	9.66354E-06	2.74762E-05	0.000101023	6.22073E-05	6.47328E-05
13.0078	0.000657306	0.002031012	0.00459786	0.00382677	0.00122118
15.0235	0.0060443	0.02456479	0.0382673	0.0344024	0.0168897
15.9949	0.000125557	0.000173713	0.00085706	0.000768712	0.00123336
17.0027	0.000774695	0.00108999	0.00536609	0.0048021	0.00770375
17.9992	3.55256E-07	3.18943E-07	1.68737E-06	1.61379E-06	2.57084E-06
18.0106	0.00309888	0.004360019	0.0214644	0.0192078	0.0308136
24	0.000116539	0.000416062	0.00105139	0.000828681	0.000270142
25.0078	0.000457899	0.001704552	0.00393298	0.00318631	0.000879156
26.0156	0.00346468	0.010397559	0.0196315	0.015996	0.00584726
27.019	7.03204E-05	0.000227579	0.000436852	0.000347931	0.000115031
27.0235	0.0197538	0.032419386	0.0421294	0.0372624	0.0198087
27.9949	0.0137754	0.019378664	0.0954066	0.0853694	0.136933
29.0027	0.0131895	0.030066356	0.00078822	0.0780624	0.0484061
29.0391	0.0276097	0.022748399	0.0208155	0.0237497	0.0135345
29.9992	3.33032E-05	3.8801E-05	0.000189846	0.000176669	0.000285435
30.0061	0.000121118	0.000292847	0.000208135	0.000854823	0.000414561
30.0425	0.00060462	0.000490483	0.000456457	0.000527498	0.000277459
31.0139	6.50818E-05	2.04127E-05	0.000253325	0.000982625	0.000660136
31.0184	0.00456859	0.016307057	0.0266112	0.0332102	0.00884317
31.0503	1.48651E-05	2.64517E-05	8.10595E-06	4.86146E-05	0
33.014	3.0298E-06	5.55378E-05	4.10341E-05	0.000133558	0.000200243
36	0.000422228	0.000680338	0.000504267	0.00231641	0
37.0033	3.36471E-05	1.706E-05	2.17235E-05	8.81015E-05	0
37.0078	0.000931904	0.002540378	0.00416709	0.00255105	0.00135136
38.0112	2.98881E-05	8.27203E-05	0.000135707	8.29561E-05	4.30544E-05
38.0157	0.00207935	0.005222727	0.0074005	0.00468368	0.00234563
39.019	6.50758E-05	0.000170196	0.000240956	0.000152096	7.56039E-05
39.0235	0.019076	0.03028132	0.0362231	0.0250178	0.0128537
40.0268	0.000614747	0.000984791	0.00117877	0.000816559	0.000409291
40.0313	0.00362754	0.006144703	0.00771067	0.00609262	0.00332044
41.0027	0	0.001191117	0.00361264	0.00328115	0.00249418
41.0347	0.000117199	0.000200347	0.000250355	0.000197834	0.000106925
41.0391	0.0632733	0.04361909	0.0325883	0.0285164	0.0208149
42.0106	0.00240186	0.011416145	0.018576	0.0167345	0.0143811
42.0344	0.00422288	0.004355598	0	0.00545675	0.004733
42.0425	0.00208605	0.001407941	0.00107292	0.00096077	0.00063437
42.047	0.0104672	0.007870243	0.00653968	0.00549873	0.00284437
43.0139	5.34339E-05	0.000248675	0.000400723	0.000363261	0.000307697
43.0184	0.00710632	0.04897631	0.0784931	0.0942703	0.0754991
43.0314	1.47621E-05	1.78734E-05	0	2.21148E-05	1.53913E-05
43.0422	0	0.001676151	0.000842568	0.00683441	0.00720022
43.0503	0.00033886	0.000254663	0.000214464	0.000182235	8.82001E-05
43.0548	0.0772766	0.027081389	0.00874841	0.00673698	0.00813769
43.9898	0.0137754	0.019378664	0.0954066	0.0853694	0.136933
44.0217	0.000174864	0.001046411	0.00171916	0.0020353	0.00163247
44.0262	0.00308668	0.007919389	0.00741107	0.00823165	0.00279416
44.05	0.00311188	0.00206537	0	0.00293848	0.0029423
44.0581	0.00252213	0.000877811	0.000286753	0.000220279	0.000259929
44.0626	0.00045416	5.41666E-05	0	0.000206748	3.56522E-05
44.9977	0	0.002489022	0.0105059	0.013178	0.0133369
45.034	0.00421219	0.010087982	0.00817492	0.0111883	0.00660835
45.0578	0.00049298	0.00074712	0.000234019	0.00107936	0.00068669
45.066	1.37164E-05	3.22584E-06	0	8.19188E-06	1.17486E-06
46.0374	8.83926E-05	0.000218087	0.000176501	0.00024829	0.00013819
46.0419	0	0	0	0.00373554	0.00243877
46.9955	0	3.37745E-05	0	0.00119618	0.00106705
47.0133	0	0.002340042	0.00656021	0.014501	0
47.0452	0	0	0	9.72143E-05	0.000057118
49.0078	0.000286534	0.000634798	0.00100505	0.000585818	0.000434956
49.0289	6.89258E-06	5.60063E-05	0.000079124	0.000278049	0.000201491
50.0112	1.23777E-05	2.74561E-05	4.35935E-05	2.56684E-05	1.88124E-05
50.0157	0.0022709	0.005158892	0.00648137	0.00315254	0.00262445
51.019	9.68474E-05	0.000224449	0.000280016	0.000135617	0.000114581
51.0235	0.00396405	0.009531874	0.00918226	0.00414585	0.00362841
51.9949	6.4297E-06	9.47827E-05	0.000318447	0.000321469	0.0001615
52.0187	0.000209695	0.000460232	4.74656E-05	9.09386E-05	0.00146536
52.0268	0.000170885	0.000413207	0.000397145	0.000178757	0.000157487
52.0313	0.00183122	0.004843263	0.00476889	0.00241574	0.00145328
53.0027	0.000317186	0.003427544	0.00531128	0.00350389	0.00301457
53.0347	7.90971E-05	0.000209509	0.00020678	0.000104188	6.32374E-05
53.0391	0.00716371	0.009502792	0.00942535	0.0064148	0.00503068
54.0061	9.4574E-06	0.000111235	0.000173192	0.000114142	9.71726E-05
54.0106	1.74724E-05	0.001769041	0.00426417	0.00398177	0.00239894
54.0344	0.000123797	0.000798952	5.69958E-05	0.000560535	0.00180617
54.0425	0.000310308	0.000411015	0.000408038	0.00027744	0.000217563
54.047	0.00692267	0.006051653	0.00360088	0.00221368	0.00193355
55.0139	0	5.6862E-05	0.000140132	0.000131859	7.53644E-05
55.0184	0.00350547	0.017449671	0.0181425	0.0184983	0.0161181
55.0503	0.00030092	0.000263796	0.000155521	9.50218E-05	8.38027E-05
55.0548	0.0650918	0.028898296	0.0121405	0.011722	0.0120501
55.9898	0	5.49327E-05	0.000539968	0.000981646	0.000456369
56.0217	0.000118209	0.000566936	0.00058728	0.000600288	0.000523093
56.0262	0.0015293	0.006341655	0.0057235	0.00492202	0.00330108
56.05	0.000139773	0.001452117	0	0.00129191	0.00175376
56.0581	0.00283955	0.001246423	0.000528367	0.000518394	0.000511174
56.0626	0.0170195	0.005762352	0.00322952	0.00216961	0.00156239
57.0296	5.07376E-05	0.000206611	0.000185491	0.00016068	0.000105417
57.034	0.00489501	0.01826566	0.0146661	0.0147918	0.00958099
57.0578	0	4.19605E-05	0	0.000444145	0.00305141
57.066	0.000747282	0.000245574	0.000143501	0.000103049	5.80404E-05
57.0704	0.0752681	0.017290555	0.00349663	0.00298875	0.00341189
58.0055	9.51398E-05	0.00093153	0.00241225	0.00427357	0.00221746
58.0293	0.000219922	0.000255133	3.34623E-05	0.00024785	0.00124674
58.0374	0.000160747	0.000591913	0.000474666	0.000484977	0.000306688
58.0419	0.000403323	0.001910935	0.00253434	0.0033498	0.00296935
58.0657	0.00246325	0.00122641	0	0.00507532	0.000111986
58.0738	0.00325794	0.000747496	0.000152182	0.00013105	0.000145568
58.0783	0.000662045	2.41449E-05	0	0.000332022	0
59.0133	0	0.001426829	0.00358713	0.00252017	0.00229722
59.0452	1.29206E-05	6.2648E-05	8.20701E-05	0.000108585	9.72464E-05
59.0497	0.000709192	0.001434597	0.00155621	0.00270274	0.00243188
59.0735	0.000313187	0.000158053	2.81012E-05	0.00121756	0
59.0771	0.000053066	1.19831E-05	2.72032E-06	2.36108E-06	1.9602E-06
59.0816	2.88194E-05	2.90804E-06	0	2.07947E-05	0
60.0211	0.00889495	0.022757891	0.0155421	0.00852725	0.00512911
60.053	2.23531E-05	4.72988E-05	5.02413E-05	8.74799E-05	7.96679E-05
61.0078	0.000175364	0.000443647	0.000562314	5.71518E-05	0.000463237
61.0289	0.00197608	0.003938604	0.00248271	0.00330813	0.00222604
62.0112	9.34803E-06	2.41347E-05	3.05291E-05	2.95197E-06	0.000025411
62.0157	0.000843617	0.001855651	0.00183986	0.000645247	0.00108692
62.0368	0.00018993	0.000364546	0.000312477	0.000237487	0.000230261
63.019	0.000045307	0.000100485	0.000100166	3.45633E-05	5.89259E-05
63.0235	0.00230379	0.00497497	0.00436673	0.00177228	0.0024796
64.0268	0.000124877	0.000269231	0.000237707	9.48039E-05	0.000134617
64.0313	0.000758299	0.00180946	0.00143581	0.000580601	0.000919077
65.0027	8.41447E-05	6.45478E-05	0.000287919	0.000389173	0.000771882
65.0347	4.03663E-05	9.84351E-05	7.73409E-05	3.12326E-05	4.98915E-05
65.0391	0.00420119	0.00725278	0.0058448	0.00267716	0.0030556
66.0061	4.46732E-06	2.88284E-06	1.43282E-05	1.71332E-05	3.26225E-05
66.0106	0.000177483	0.000806798	0.00108737	0.000548593	0.000497458
66.0344	0	0.000324266	0	0	0.000442932
66.0425	0.00022554	0.000394069	0.000315228	0.000143571	0.000166941
66.047	0.00178103	0.002624914	0.0021875	0.00124994	0.00092903
67.0139	7.35056E-06	3.49051E-05	4.75812E-05	2.37957E-05	2.14049E-05
67.0184	0	0.001389516	0.00177976	0.00101231	0.00136753
67.0548	0.0234368	0.013929489	0.0069214	0.00487106	0.00622341
67.9898	3.24604E-05	5.737E-05	0.000381786	0.000215202	0.000558761
68.0217	0	6.31524E-05	7.37937E-05	4.60694E-05	6.00479E-05
68.0262	0.000547635	0.002948768	0.00387696	0.00338867	0.00231099
68.05	0	0.000641293	8.93777E-05	0.000558597	0.00103411
68.0581	0.00127166	0.000754795	0.000373823	0.00026203	0.000337844
68.0626	0.00689978	0.003948878	0.00155661	0.000897374	0.00147734
68.9977	0.000239057	0.00161257	0.003835	0.00238196	0.00336267
69.0296	2.03696E-05	0.000130757	0.000167292	0.000147159	9.86021E-05
69.034	0.00103833	0.006365907	0.00596021	0.00588356	0.0051903
69.066	0.000374701	0.00021355	8.50133E-05	4.77482E-05	7.97088E-05
69.0704	0.0413011	0.015612626	0.00417407	0.0033535	0.00621203
70.0055	0.000211924	0.000364277	0.000773329	0.000819617	0.00147654
70.0374	0.000045476	0.000275886	0.000257092	0.000254535	0.00022489
70.0419	0.000921736	0.003104199	0.0024885	0.00241804	0.0023064
70.0657	0	0.000404621	0	0	0.000723945
70.0738	0.00224591	0.000845317	0.000223484	0.000177808	0.000339591
70.0782	0.00910569	0.002681496	0.00106664	0.000870353	0.000578218
71.0133	0.000744833	0.003421729	0.00406484	0.00420471	0.00585625
71.0452	4.05933E-05	0.000134524	0.000107272	0.000104748	0.000099784
71.0497	0.00045486	0.003288326	0.00304444	0.00513408	0.00486187
71.0816	0.000510175	0.000139643	6.30875E-05	5.71907E-05	2.02938E-05
71.0861	0.0319615	0.006857408	0.00114149	0.000736265	0.00205783
72.0211	0.000104192	0.001122283	0.00159597	0.00191798	0.00149671
72.0436	0.000235418	0.000355566	0	0.00035027	0.000694386
72.053	1.96038E-05	0.000142062	0.000132338	0.000222977	0.000209577
72.0575	0.000237557	0.000261753	0.000381676	0.000733996	0.00064623
72.0813	0	0.000142426	0	0.000280747	0.00020169
72.0894	0.00174254	0.00036859	6.34064E-05	4.49781E-05	0.000104589
72.0939	0.000191849	1.45196E-05	0	1.05198E-05	0
73.029	0.00367623	0.011096408	0.00633905	0.00512478	0.00532257
73.0609	1.02643E-05	1.1425E-05	1.67601E-05	3.19431E-05	2.78238E-05
73.0653	0.000292023	0.000398221	4.30444E-05	0.000367198	0.000568774
73.0973	1.28426E-05	1.83157E-06	0	2.22357E-06	0
74.0156	0.000773615	0.001102237	0.00123428	0.000336059	0.00139658
74.0368	0.0011247	0.002424651	0.00179381	0.00223287	0.00195521
74.0687	1.24057E-05	1.81251E-05	2.85178E-06	1.73961E-05	2.21586E-05
74.0732	0.000255163	0.000123937	3.33108E-05	0.000233859	0.00016171
75.0082	0	0	0	0.000263129	0.000320614
75.019	4.98748E-05	7.19427E-05	8.02014E-05	2.15742E-05	9.07906E-05
75.0235	0.00105822	0.001571643	0.00143252	0.000511279	0.00134776
75.0446	0.000351067	0.000658614	0.00048236	0.000501046	0.000683994
75.0765	1.16349E-05	5.54042E-06	1.72245E-06	1.01081E-05	7.14591E-06
75.9441	6.18167E-06	2.63838E-06	1.76979E-05	1.46889E-05	1.20511E-05
76.016	3.07209E-05	7.72132E-05	0.000183637	0.000705955	0.00144919
76.0268	6.84409E-05	0.000102554	9.30714E-05	3.27445E-05	8.78817E-05
76.0313	0.00110661	0.001959814	0.0020392	0.000922057	0.00165972
76.0524	0.000205066	0.000305033	0.000259384	0.000153175	0.000300449
77.0027	1.75564E-05	0.000209042	0.000243218	0.000126523	0.000437582
77.0347	7.11232E-05	0.000127873	0.000133225	5.92503E-05	0.000107913
77.0391	0.00589174	0.008864602	0.00704529	0.00317592	0.00387568
77.0603	0.00105862	0.001518497	0.00105628	0.00068467	0.000419044
78.0061	1.64806E-06	1.16431E-05	0.00001377	6.81802E-06	2.39355E-05
78.0106	5.65221E-05	0.000304541	0.000106654	3.26976E-05	0.000309873
78.0425	0.000382089	0.00057566	0.000457394	0.000205659	0.000251863
78.047	0.00220772	0.00354131	0.00236929	0.000837215	0.00106875
78.9854	2.32838E-05	0	9.40402E-05	0.00072859	0.000433768
79.0139	2.96871E-06	1.62206E-05	8.0306E-06	1.80746E-06	1.63866E-05
79.0184	0	0.000995861	0.000925601	0.000269305	0.000600729
79.0548	0.0109831	0.008792531	0.00568533	0.00344743	0.00412295
79.9898	0.000400724	0	0.000506021	0.00388523	0.00643295
80.0217	0	5.35835E-05	5.17643E-05	1.40324E-05	3.29319E-05
80.0262	0.00015094	0.001184709	0.000850223	0.000325636	0.000310652
80.0581	0.000714171	0.000570196	0.000369118	0.000223137	0.000268195
80.0626	0.00279876	0.002370837	0.000854897	0.0006265	0.00135555
81.0296	7.5554E-06	6.41142E-05	4.73988E-05	1.70443E-05	1.79279E-05
81.034	0.000361394	0.00347232	0.00298604	0.00207807	0.00245285
81.066	0.000181372	0.00015466	5.52745E-05	4.01774E-05	8.84706E-05
81.0704	0.0219772	0.009739856	0.00334643	0.00258572	0.00442653
82.0055	0	0.000327646	0.00117747	0.000811953	0.00113004
82.0374	1.92159E-05	0.00018815	0.000161232	0.000112403	0.00013271
82.0419	0.000493629	0.001906918	0.00173611	0.00156942	0.00168718
82.0738	0.00143452	0.000630585	0.000217365	0.000165436	0.000289029
82.0782	0.00513914	0.002978798	0.000765964	0.000645117	0.001212
83.0133	6.89088E-05	0.000665884	0.00181165	0.00150677	0.00178241
83.0452	2.41486E-05	0.000107443	9.02797E-05	8.69993E-05	9.20105E-05
83.0497	0.000347238	0.002464104	0.00247225	0.00343724	0.00322331
83.0816	0.000331172	0.000195331	4.92327E-05	4.34482E-05	7.77952E-05
83.0861	0.0219102	0.006993429	0.00128172	0.000916871	0.00249218
84	0	0	3.79314E-07	0	0
84.0211	0.000313327	0.001086145	0.00160983	0.00164617	0.00153194
84.053	2.00217E-05	0.000133205	0.00013474	0.000186742	0.000173829
84.0575	0.000702894	0.001628543	0.0006353	0.0010139	0.00148403
84.0813	0.000138593	0.000816312	0	0.000129051	0.000204226
84.0894	0.00142672	0.000453553	8.28764E-05	5.87687E-05	0.000162289
84.0939	0.00327383	0.001194167	0.000309956	0.000250608	0.000263743
85.0034	0	1.11975E-11	4.53008E-08	0	0
85.029	0.00064401	0.003109375	0.00315079	0.00423599	0.0050793
85.0609	3.94916E-05	8.83337E-05	3.43264E-05	5.47284E-05	8.04406E-05
85.0653	0.000461208	0.001269207	0.000682961	0.00172062	0.00194922
85.0973	0.000211594	7.81532E-05	0.000020665	1.70123E-05	1.60841E-05
85.1017	0.0155109	0.003345118	0.000444387	0	0.0010966
86.0156	0.00071768	0.000396362	0.000312966	0.00016	0.000655384
86.0368	1.17469E-05	0.000750263	0.000791848	0.00104418	0.00117377
86.048	0.000336491	0.000181838	0	0.000377141	0.000190061
86.0687	2.55252E-05	7.07183E-05	0.000035969	9.40085E-05	0.000104559
86.0732	0.000288444	0.000179899	3.32181E-05	0.000284215	0.000368451
86.097	0	6.06128E-05	0	0.000211855	0
86.1051	0.00100893	0.000217867	2.81182E-05	0	0.000069817
86.1096	0.000190979	4.53748E-05	0	0.000082981	6.82806E-06
87.0082	6.89268E-05	7.48031E-05	0.000364543	0.000632836	0.00092318
87.019	5.40917E-05	3.02721E-05	2.40926E-05	1.22236E-05	4.95092E-05
87.0235	0.000533039	0.000544181	0.000383789	0.00007141	0.000747135
87.0446	0.00094435	0.001834529	0.00106903	0.00164227	0.00193654
87.0684	0.000391197	0.000262278	0	0.000413806	0.000230221
87.0765	1.62717E-05	9.93376E-06	2.35963E-06	1.52855E-05	1.99604E-05
87.081	0.000102743	4.71609E-05	0	0.000042221	7.91258E-05
87.1129	1.32585E-05	3.66005E-06	0	6.37822E-06	1.12934E-06
88.016	4.71225E-05	1.96765E-05	3.71221E-05	0.000193747	0.000377935
88.0268	3.94706E-05	4.17958E-05	2.91996E-05	5.35672E-06	5.65989E-05
88.0313	0.000401474	0.000730322	0.000425939	6.47236E-05	0.000506382
88.0524	0.000352837	0.000336245	0.000204697	0.00037933	0.000474098
88.0843	6.4266E-06	3.58953E-06	0	4.06861E-06	5.33296E-06
88.0888	0.00037895	4.46538E-05	0	0.000150766	6.30727E-05
89.0239	9.67494E-05	0.000193501	8.41671E-05	0.000405372	0.00112735
89.0347	3.07979E-05	5.55291E-05	3.27059E-05	4.69338E-06	3.83715E-05
89.0391	0.00116729	0.002342566	0.00178574	0.000643918	0.00101354
89.0603	0.000375501	0.000508874	0.000273916	0.000231111	0.000316212
89.0922	2.30939E-05	3.43773E-06	0	8.47428E-06	4.63576E-06
89.9953	0	1.98727E-07	5.19775E-06	2.41824E-06	3.29309E-07
90.0106	4.66557E-05	5.84403E-05	3.32132E-05	3.11986E-05	0.000119263
90.0317	2.29339E-05	0.000109353	5.39121E-05	0.0002036	0.00053097
90.0425	8.87975E-05	0.000177228	0.000135568	4.86516E-05	7.66951E-05
90.047	0.000336721	0.000777886	0.000717187	0.000366059	0.000463756
90.0681	0.000109071	0.000185306	0.000101342	8.08775E-05	0.000142733
91.0139	3.18516E-06	3.62015E-06	4.36284E-06	2.27574E-06	7.31562E-06
91.0184	0	2.83832E-08	3.45936E-06	0	0.000410179
91.0503	2.59011E-05	5.88279E-05	5.50304E-05	0.00002764	3.50792E-05
91.0548	0.00978831	0.009459948	0.00599151	0.00253246	0.00332034
92.0217	0	7.71724E-07	4.0165E-06	0	2.74794E-05
92.0262	0.000243766	0.000655936	0.000668599	0.000293958	0.000573007
92.05	0	2.23379E-05	0	0	4.62029E-05
92.0581	0.000745563	0.000717404	0.00045252	0.00018896	0.000254209
92.0626	0.00160797	0.001252796	0.000751672	0.000354337	0.000511763
93.0296	1.58498E-05	4.25659E-05	4.37749E-05	1.91039E-05	3.71426E-05
93.034	7.99089E-05	0.001122957	0.00088405	0.000372574	0.000742563
93.0704	0.00732476	0.00446398	0.00207996	0.00136486	0.0024205
94.0055	3.67743E-05	8.49491E-05	0.000121983	0.000037911	0.000222345
94.0374	4.33825E-06	7.33735E-05	5.76018E-05	2.43383E-05	4.79808E-05
94.0419	0.000505226	0.001841778	0.000965986	0.000585348	0.000823293
94.0738	0.000555583	0.000337866	0.000157504	0.000103009	0.000183612
94.0782	0.00195498	0.001331302	0.000375447	0.000348801	0.0007441
94.9455	0	1.45275E-05	7.91887E-05	8.77288E-06	0
95.0133	0.000313787	0.001026923	0.00110521	0.000660157	0.000544077
95.0452	3.23784E-05	0.000120082	0.000062629	3.81118E-05	5.33156E-05
95.0497	0.000123677	0.002765434	0.00184235	0.0018885	0.00243688
95.0816	0.000148051	0.000100895	2.86195E-05	0.000026276	0.000056554
95.0861	0.0162117	0.005978507	0.00160335	0.00135197	0.00272368
96.0211	0.000220472	0.000983098	0.00139295	0.000911264	0.000854659
96.053	8.01108E-06	0.000182094	0.000118375	0.000122676	0.000157767
96.0575	0.000276397	0.001045204	0.000627506	0.000762507	0.00123765
96.0894	0.00123297	0.000451561	0.000121186	0.000100491	0.00020789
96.0939	0.00245075	0.001246363	0.00028482	0.000191009	0.000453464
96.9926	0	0	8.94545E-06	0.000104338	0.000484919
97.029	0.000437524	0.001969762	0.00244105	0.0020398	0.00214848
97.0609	1.71195E-05	6.87482E-05	0.000040744	4.93811E-05	8.03278E-05
97.0653	9.97156E-05	0.001611663	0.000898571	0.0015992	0.00195252
97.0973	0.000185431	9.46413E-05	0.000021574	1.43272E-05	3.45571E-05
97.1017	0.0141673	0.003728511	0.000618935	0.000182994	0.00129935
98.0004	0.000480323	0	0.000487802	0.00164367	0.00249867
98.0156	2.89363E-07	6.47563E-06	0	0	0
98.0368	0.000277557	0.001167918	0.00125202	0.00119258	0.00141295
98.0687	7.5659E-06	0.000104764	5.80313E-05	0.000103549	0.000127339
98.0732	0.00049195	0.00127217	0.000363397	0.000544856	0.000707763
98.1051	0.00107512	0.000282419	4.68526E-05	1.21117E-05	0.000099248
98.1096	0.000929054	0.000401285	7.21482E-05	5.03324E-05	0.00011555
98.9404	9.66484E-06	0	7.49569E-06	9.42643E-06	0.000029398
99.0082	0	0.00027281	0.00132548	0.00118259	0.00179509
99.019	4.21588E-07	1.82075E-06	0	0	0
99.0235	0.000140593	0.000252587	0.000103176	9.98015E-05	0.000523103
99.0446	0.000365473	0.001463581	0.00147029	0.00194307	0.00278328
99.0765	3.32462E-05	8.37636E-05	2.27062E-05	0.000034937	4.66422E-05
99.081	0.000291913	0.000538192	0.00022164	0.000575185	0.00070985
99.1129	0.000068206	3.36551E-05	6.09795E-06	5.64323E-06	5.67846E-06
99.1174	0.00235548	0.000484398	7.74775E-05	2.75151E-06	0.000157327
99.9619	6.76761E-05	0	3.71391E-05	0.000245911	0.000572957
99.9797	1.58898E-05	0	5.50413E-05	0.000163668	0.000235542
100.016	0	0.000110156	0.000362112	0.000344953	0.000743681
100.027	1.31955E-05	2.05289E-05	1.56278E-05	8.66215E-06	0.000042706
100.031	0.00037908	0.000448634	0.00015277	0.000181136	0.000531968
100.052	0.000216673	0.000376432	0.000215132	0.000440548	0.000797388
100.064	8.06837E-06	2.27018E-06	7.32376E-06	1.48648E-05	0
100.076	1.26267E-05	1.45475E-05	0	0	0.000024815
100.084	0.000019048	3.51051E-05	1.45514E-05	3.73374E-05	0.00004613
100.089	4.56309E-05	2.88254E-05	0	2.36118E-05	6.18039E-05
100.113	5.65151E-06	1.19683E-05	0	2.07138E-05	2.12811E-06
100.121	0.000180062	3.61741E-05	6.57556E-06	0	1.19273E-05
101.024	0.00018954	0.000508144	0.000709233	0.000828861	0.00177772
101.039	0.000516393	0.000878033	0.000557958	0.000234159	0.000570781
101.06	0.000498348	0.000585086	0.000291697	0.000677345	0.00069223
101.097	0.00011303	8.48304E-05	2.11325E-05	0.000126703	7.82314E-05
101.995	2.31979E-05	0	0	1.88611E-05	0.000100666
102.032	0.000298601	0.000479674	0.000313554	0.000309448	0.000658149
102.043	4.44942E-05	7.61081E-05	4.86576E-05	1.87201E-05	5.03397E-05
102.047	0.000692337	0.00125489	0.000864545	0.000332742	0.000354456
102.068	0.000255432	0.000304201	0.000153259	0.00015986	0.000256256
102.1	8.58993E-06	5.20311E-06	2.36272E-06	8.94026E-06	4.19872E-06
102.104	0.000022822	3.90383E-05	2.79348E-06	9.1745E-06	1.40397E-05
103.018	0.000180422	6.23284E-05	0.00013789	0.000138715	0.000462638
103.039	0.000142272	0.00033048	0	9.88671E-05	0.000690034
103.05	5.98192E-05	0.000108679	7.50147E-05	2.88272E-05	3.06658E-05
103.055	0.00129246	0.001905618	0.00133126	0.000648944	0.000566768
103.076	0.000323574	0.000489507	0.000196145	0.000148598	0.000202759
103.108	0.000001503	2.63919E-06	1.13451E-06	8.06706E-07	5.91385E-07
104.022	1.34444E-05	4.86084E-06	1.13471E-05	1.04318E-05	3.50213E-05
104.026	0.000271828	0.000243545	0.00060223	0.000383827	0.000897754
104.047	0	0.000150448	0	9.01511E-06	0.00045583
104.058	0.00011197	0.000164833	0.000115485	5.62034E-05	4.86607E-05
104.063	0.0011205	0.001071793	0.000617689	0.000227254	0.000453384
104.079	1.72544E-05	2.64983E-05	1.14029E-05	8.23665E-06	1.07713E-05
105.034	0.000221841	0.001172143	0.00146302	0.000817109	0.00172102
105.066	9.73603E-05	9.33295E-05	5.30948E-05	1.93357E-05	3.99398E-05
105.07	0.00653197	0.004166535	0.00199415	0.000782593	0.001499
106.037	1.67356E-05	9.10572E-05	0.000109664	6.05304E-05	0.000132151
106.042	0.000308438	0.000922069	0.000456327	0.000182635	0.000258422
106.074	0.000569829	0.000360188	0.000172245	6.60437E-05	0.000131452
106.078	0.00144222	0.000800148	0.00031462	0.000154634	0.000329988
107.013	0	0.000212531	0.000228139	2.82336E-05	0.000209916
107.045	2.34418E-05	6.97076E-05	3.48926E-05	1.40713E-05	1.91618E-05
107.05	0.000645299	0.002295507	0.00104451	0.00052448	0.000857723
107.082	0.000124927	6.93246E-05	2.74693E-05	1.33618E-05	2.85166E-05
107.086	0.00458669	0.002784733	0.00103644	0.000645597	0.00122757
108.021	0.000128596	0.000572938	0.000497141	0.000154254	0.00030581
108.053	4.87021E-05	0.000174256	7.89725E-05	3.95488E-05	0.000065216
108.058	0.000313497	0.00095669	0.000476729	0.000411018	0.000706975
108.089	0.000397675	0.000240984	8.95352E-05	5.54899E-05	0.000106715
108.094	0.00109691	0.000677671	0.000227591	0.000167075	0.00035753
109.029	0.000271008	0.001228925	0.00105319	0.000497249	0.000740566
109.061	2.35548E-05	7.28044E-05	3.61125E-05	3.10667E-05	0.000053647
109.065	0.000122178	0.001358047	0.000821229	0.000988841	0.00142613
109.097	0.000094672	5.87792E-05	1.99584E-05	0.000014528	3.09084E-05
109.102	0.00817794	0.002787888	0.000687017	0.000521182	0.00123945
109.967	0	1.0177E-06	2.64168E-06	5.31395E-07	0
110	2.73618E-05	1.05173E-05	0.000105438	8.34537E-05	0.000175695
110.037	0.000307789	0.001269551	0.000817103	0.00059669	0.000736663
110.069	9.33983E-06	0.000106344	5.77632E-05	7.70871E-05	0.000110029
110.073	0.000165306	0.000643431	0.000239521	0.00033432	0.000558242
110.105	0.000710092	0.000240744	5.92094E-05	4.45904E-05	0.000108033
110.11	0.000928794	0.000421542	7.87512E-05	7.50425E-05	0.000149231
111.023	0.000136104	0.00013052	0.00034773	0.000132819	0.000390693
111.045	0.000579607	0.000990363	0.000931611	0.00156712	0.00140656
111.076	1.18109E-05	4.93238E-05	1.83408E-05	2.53176E-05	4.21499E-05
111.081	0.000218742	0.000788726	0.000426875	0.000851845	0.000812382
111.113	8.01398E-05	3.66392E-05	7.07021E-06	6.49864E-06	1.29635E-05
111.117	0.00489011	0.001094138	0.000187873	0.000048077	0.000433089
112.016	8.14075E-05	8.57019E-05	0.00027862	0.000311586	0.000269114
112.027	1.75044E-05	1.19979E-05	3.61404E-05	1.54704E-05	3.46489E-05
112.031	0.000216343	0.000219725	0	2.24796E-05	0.000272767
112.052	0.000238927	0.000444564	0.00041954	0.000613569	0.000631705
112.084	2.02127E-05	5.91555E-05	3.31245E-05	0.000066945	5.92034E-05
112.089	0.000111041	0.000263925	5.05443E-05	0.000156353	0.000234553
112.121	0.000423328	9.41138E-05	1.67112E-05	3.81918E-06	3.78164E-05
112.125	0.000517033	0.000143612	5.80622E-05	7.52254E-05	0
113.024	3.09098E-05	0.00018677	0.000656529	0.000679344	0.000936856
113.035	0.000022834	2.1418E-05	3.18587E-07	3.18441E-06	2.72178E-05
113.039	0.000556383	0.000664247	0.000369627	0.00016055	0.000391621
113.06	0.000248994	0.000549291	0.000384816	0.000687748	0.000961673
113.092	8.6818E-06	2.01794E-05	4.23078E-06	1.17349E-05	1.77093E-05
113.097	0.000199407	0.000219515	2.74295E-05	0.000220928	0.000297614
113.129	4.72425E-05	1.21133E-05	5.32882E-06	7.10033E-06	0
113.133	0.00119009	0.000189162	6.70921E-05	2.27544E-05	4.86177E-05
114.032	5.55503E-05	0.000148931	0.000148066	0.000211305	0.000566528
114.043	5.64911E-05	6.43643E-05	3.52793E-05	1.47868E-05	3.95075E-05
114.047	0.000323165	0.00048514	0.000210218	0.000078694	0.000177273
114.068	0.000139663	0.000258634	0.000109196	0.000203051	0.000407803
114.1	1.74784E-05	1.69287E-05	1.99066E-06	1.67575E-05	2.29632E-05
114.104	2.93592E-05	4.75428E-05	0	2.45212E-05	4.65104E-05
114.136	0.000104142	1.60681E-05	6.24097E-06	2.23347E-06	3.73173E-06
114.141	2.81895E-06	5.90779E-06	5.35423E-06	7.8638E-06	0
115.003	0.000011352	0	6.08749E-05	8.18118E-05	4.29965E-05
115.039	0	4.91719E-05	0	0.000185263	0.00100965
115.05	3.08948E-05	4.75852E-05	2.18192E-05	7.56301E-06	1.70914E-05
115.055	0.00283805	0.003826316	0.00255149	0.000816879	0.000690922
115.076	0.000817434	0.001142625	0.000469693	0.000335869	0.0004848
115.108	2.61671E-06	3.77021E-06	1.16113E-07	2.14773E-06	3.84014E-06
115.112	0.000137054	0.000161061	4.49909E-05	3.82258E-05	9.04283E-05
115.144	3.20855E-07	5.82793E-07	8.43356E-07	7.12611E-07	0
116.011	6.29004E-05	4.07409E-05	0.000054544	6.22273E-05	0.000129815
116.047	0	0.000190068	0	0	0.000456269
116.063	0.00116339	0.001377909	0.00078815	0.000328225	0.00039232
117.034	0.000129666	0.000331157	0.000169863	0.000107446	0.00051907
117.07	0.00241736	0.002142218	0.000965229	0.000339507	0.000812552
117.092	0.000620426	0.000405404	0.000166275	0.000136057	0.000100336
118.042	0.000365893	0.000669498	0.000503271	0.000301973	0.000457976
118.063	0	0.000292874	0	0	0.000174158
118.078	0.00127056	0.000748046	0.000278441	0.000158791	0.000368322
119.013	0.000121838	4.01287E-05	0.000144338	8.08305E-05	0.000315613
119.05	0.000325944	0.001246845	0.000747276	0.000356605	0.000814318
119.086	0.0045445	0.002280245	0.000860568	0.000269875	0.000816425
120.021	0.000217183	0.000261995	0.000350181	0.000110484	0.000506572
120.058	0.000383009	0.000946863	0.000463673	0.000158151	0.000616491
120.094	0.00130625	0.00077007	0.000235125	8.43961E-05	0.000326554
121.029	0.000467896	0.001005924	0.000930943	0.00032001	0.000950742
121.065	0.000481123	0.001358505	0.000661383	0.000417573	0.000816724
121.102	0.00305249	0.001823221	0.000484603	0.000236008	0.000644653
122.037	0.000325634	0.001284189	0.000742173	0.000342735	0.00047869
122.073	0.000281356	0.000817162	0.000297916	0.000269785	0.000452226
122.11	0.000858433	0.000521462	0.000120279	5.98679E-05	0.000191977
123.008	0	0.000114223	0.000342258	0.000124275	0.000284068
123.045	0.000523472	0.001908657	0.00080909	0.000461293	0.000562545
123.081	0.00011178	0.000997854	0.000361294	0.000458135	0.000647308
123.117	0.003778	0.001141758	0.000258358	0.000143861	0.000505923
124.016	5.64211E-05	0.000169276	0.000273547	0.00013141	0.000309893
124.052	0.000290873	0.001033018	0.000449958	0.000313914	0.000522724
124.089	0.000161427	0.000448614	0.000121315	0.000168984	0.000239165
124.125	0.000789681	0.000308855	5.80244E-05	0.000020454	0.000111806
125.024	0.000135844	0.000594551	0.000699984	0.000195376	0.000666634
125.06	0.000344789	0.000871317	0.000579705	0.000575905	0.000921083
125.097	0.000116499	0.00042969	0.000136116	0.000302243	0.000371017
125.133	0.0015307	0.000355854	8.16615E-05	1.91798E-05	0.000152426
126.032	2.92053E-05	0.000253065	0.000231906	0.00018963	0.000419193
126.047	0.000523612	0.000826045	0.000450437	5.75955E-05	0.000163716
126.068	0.000234678	0.00038619	0.000168567	0.000225815	0.000538966
126.104	9.23016E-05	0.000173528	3.51019E-05	8.21086E-05	0.000115061
126.141	0.000421279	0.000102201	2.59693E-05	7.93635E-07	3.71806E-05
127.039	5.53794E-05	0.000174779	0.000319723	0.000341625	0.000856386
127.055	0.000910399	0.001411227	0.000868831	0.000225475	0.000109171
127.076	0.00030086	0.000529075	0.000293072	0.000316803	0.000579665
127.112	0.000194249	0.000209139	2.35095E-05	0.000110274	0.00014998
127.149	0.000570609	0.000120278	2.43547E-05	1.54584E-05	3.83895E-05
128.047	1.04482E-05	2.15576E-05	0	9.20158E-05	0.000718015
128.063	0.00184811	0.002137287	0.00129966	0.000278939	0
128.084	0.000627644	0.000715249	0.000293022	0.000201672	0.000364498
129.019	0.000697196	0.000114922	0.000194571	0.000492882	0.000233535
129.055	0.000593993	0.000436068	3.74131E-05	0.000427447	0.000596666
129.07	0.00181592	0.001468912	0.00074323	0.000223277	6.11939E-05
129.092	0.000911739	0.00079773	0.000294358	0.000268386	0.000214828
130.042	0.000324584	0.000327734	0.000232793	0.000163308	0.000436044
130.078	0.0011188	0.000907633	0.000312866	0.000144101	0.000376238
130.998	0	0	1.89368E-05	3.46752E-05	0.000075024
131.05	0.00049221	0.00142863	0.000743977	0.000362141	0.000633342
131.086	0.00251963	0.00170473	0.000575918	0.000187551	0.000552922
132.021	6.91317E-05	5.09951E-05	8.65422E-05	4.63222E-05	0.000251334
132.057	0.000359685	0.000863556	0.000484453	0.000204759	0.000466352
132.094	0.000720859	0.000582306	0.000163584	6.10601E-05	0.000234873
132.115	6.15047E-05	1.18373E-05	4.33812E-06	1.83514E-06	1.55261E-05
133.029	0.000220832	0.000317321	0.000542699	0.000193317	0.000746356
133.065	0.000508725	0.001226167	0.000417268	0.000209356	0.000726091
133.102	0.00274647	0.001475072	0.000375078	9.04609E-05	0.000469047
134.037	0.000237337	0.000625553	0.000496423	0.000178827	0.000498017
134.073	0.000272408	0.000653214	0.000252697	0.000123455	0.00038061
134.109	0.000752031	0.000446009	0.000109345	3.30583E-05	0.000155451
135.045	0.000387777	0.001086192	0.000738575	0.000279918	0.000558462
135.081	0.000192619	0.000718465	0.000347261	0.000268236	0.000485638
135.117	0.00201717	0.0009624	0.000203561	0.000085876	0.000352
136.016	8.95433E-05	0.000160377	0.000203441	6.17546E-05	0.000273755
136.052	0.000269429	0.000884389	0.000454404	0.000172582	0.000423706
136.089	0.00015005	0.000392613	0.000106774	0.000110154	0.000227346
136.125	0.000481143	0.000261189	4.79739E-05	2.40175E-05	8.99411E-05
137.024	0.000147591	0.000430917	0.000525347	0.000152615	0.000549148
137.06	0.000896273	0.003021843	0.0006264	0.000190179	0.000149681
137.097	0.000124947	0.000788793	0.000127993	0.000188591	0.000209377
137.133	0.0015091	0.00042092	8.90977E-05	0.000037887	0.000200682
138.032	0.000100313	0.000322644	0.000224242	0.000179737	0.000402422
138.047	0.000251334	0.000355082	0	5.26768E-06	5.34144E-05
138.068	0.000249104	0.000780872	0.000154245	0.000154674	0.000235632
138.105	0.000102373	0.000235613	3.16005E-05	0.000065547	0.000120222
138.141	0.000385898	0.00013858	7.71725E-06	3.39727E-05	4.98486E-05
139.04	0.000231549	0.000392758	0.000515839	0.000458805	0.00064027
139.055	0	0.001114647	0	0	5.03617E-06
139.076	0.000387567	0.000557479	0.000291408	0.000373384	0.000496799
139.112	0.000103913	0.000260878	5.06171E-05	9.28642E-05	0.000172241
139.149	0.000443373	0.000115074	2.20285E-05	2.17231E-05	0.000050743
140.011	2.04076E-05	1.17143E-05	0.00006892	6.31526E-05	0.000101754
140.047	0.000131885	0.00034155	0.000132946	8.26882E-05	0.00046154
140.063	0.000271848	0.000406706	8.51608E-05	4.85996E-05	0
140.084	0.000136594	0.00021739	0	7.84481E-05	0.000256356
140.12	4.06482E-05	8.91866E-05	1.16252E-06	2.85494E-05	4.54662E-05
140.156	0.000164007	4.48737E-05	5.64117E-06	9.70324E-06	1.51497E-05
141.019	0.00001141	3.67491E-05	0.000157684	0.000104848	0.000223982
141.055	2.87454E-05	0.000171207	0.000086905	0.000220549	0.000584547
141.07	0.00120078	0.001247825	0.000596101	3.38498E-05	0
141.092	0.000561222	0.000642865	0.000215431	0.00020414	0.000371636
141.164	0.000359745	0.000117744	3.43713E-05	0.000018902	4.98326E-05
142.042	0.00009087	0.000151112	0.000138607	9.75121E-05	0.000303933
142.063	4.80533E-06	2.18944E-05	1.35239E-06	0	2.41691E-06
142.078	0.00079225	0.000661631	0.000225228	9.76759E-05	0.000233066
142.099	0.000243586	0.000178636	4.21474E-05	4.58046E-05	5.12891E-05
142.136	0.000041423	5.18811E-05	0	7.61467E-06	2.61756E-05
143.034	5.74568E-05	5.56975E-05	0.000106046	6.52552E-05	0.000325795
143.071	1.44822E-05	0.000150518	0	0	0.000168757
143.107	0.000515734	0.000371144	8.28266E-05	0.000064025	0.000157886
144.042	0.000106602	6.25225E-05	4.02098E-05	4.03473E-05	0.000370747
144.057	0.000120608	0.00043485	0	0	0
144.079	0.000146041	0.000243679	0	0	0.000258522
144.115	0.000159598	9.27313E-05	0	1.98804E-05	7.11866E-05
144.151	0.000015013	1.864E-05	1.47498E-07	0	5.6554E-06
145.05	0.000249314	0.000394755	0.000325314	0.00011658	0.000667423
145.087	0.000106912	0.000683092	0	0.000072841	0.000647058
145.102	0.00098134	0.000199412	0	0	0
145.123	0.00052991	0.000347384	4.06922E-05	6.35434E-05	0.000159504
146.037	0.00015112	0.000218894	0.000208823	7.21854E-05	0.000458925
146.058	1.81602E-05	0.000164598	0	2.02561E-05	3.78065E-06
146.073	3.87428E-06	0.000304358	0	1.04119E-05	0.000226028
146.094	6.70763E-05	9.69096E-05	0	7.78276E-06	1.77422E-05
146.131	8.75908E-05	6.94151E-05	0	6.22723E-06	3.45781E-05
147.008	0.000033941	0	1.95039E-05	4.04902E-05	0.00012676
147.045	0.000392246	0.000780178	0.000515809	0.000182904	0.000649155
147.066	0.000349208	0.000335362	0	9.23996E-05	0
147.081	4.77384E-05	0.000421277	4.20576E-05	0.000142712	0.000431223
147.117	0.00139543	0.00076134	0.00020663	6.71719E-05	0.00023635
148.016	0.000162887	2.67646E-05	0.000102378	7.22554E-05	0.000361024
148.052	0.000315607	0.000653532	0.000324258	7.79105E-05	0.000550396
148.074	6.12988E-05	7.61768E-05	1.09544E-06	0	0
148.089	5.44016E-05	0.000112063	0	0	0.000181236
148.11	0	4.34225E-06	1.81514E-05	1.29481E-06	2.15796E-06
148.125	0.000401114	0.000213199	0	1.56113E-05	7.05337E-05
149.045	0.000518883	0.001112251	0.000552885	0.000295667	0.000780078
149.097	0.000808526	0.000834423	0.000294497	0.000184703	0.000433838
150.032	0.000079539	0.000225276	0.000255288	6.88347E-05	0.000420481
150.053	0.000559922	0.000395954	0	0	0.000186217
150.068	0	0.000601338	0.000138498	6.46046E-05	0.000171682
150.105	0.000289273	0.00030619	6.65788E-05	0.000049534	0.000162129
151.003	0	0	6.22712E-06	1.83784E-05	2.97874E-05
151.04	0.000287854	0.000842976	0.000529523	3.27585E-05	0.000437811
151.061	0.000510045	0.000790146	0.000109544	0	7.13373E-05
151.076	0.000371012	0.000764119	2.92703E-05	0.000170953	0.000331925
151.112	8.09856E-05	0.000328224	5.91656E-05	7.20895E-05	0.000165743
151.149	0.000671932	0.000152967	2.11185E-05	2.30442E-05	8.10565E-05
152.047	0	0.000422654	0.000268125	2.97975E-05	0.000595088
152.063	0.000965675	0.001334955	0.000447945	0	0
152.084	0.000429846	0.000734681	0.000240198	6.96212E-05	0.000363001
152.12	8.92234E-05	0.000165417	0	9.09326E-06	0.000065199
152.156	0.000175304	7.60686E-05	8.09618E-06	9.07217E-06	0.000034591
153.019	1.33485E-05	9.10125E-05	0.000204657	0.000080132	0.000197328
153.055	0.000147171	0.000712999	0.000232624	0.00017507	0.00053082
153.07	0.000882707	0.000835468	0	0	0
153.092	0.000381459	0.000678547	0.000226474	0.000197015	0.000369949
153.164	0.000258332	0.000129976	2.95494E-05	2.48939E-05	6.53907E-05
154.027	3.25704E-05	6.86523E-05	0.000139963	5.37921E-05	0.000186627
154.063	0.000244545	0.000576275	0.000158661	5.00257E-05	0.00040404
154.078	0.000254263	0.000222685	0	0	0
154.099	0.000217113	0.000293737	3.78527E-05	4.48442E-05	0.000200532
154.172	0.00011214	5.36076E-05	1.15086E-05	7.73329E-06	2.23922E-05
155.034	0.000104232	0.000612351	0.0005155	3.45103E-05	0.0003635
155.071	0	3.14245E-05	0	0	0.000239655
155.086	0.00127266	0.001115129	0.000399477	0.000133049	0.00025407
155.18	0.000258682	9.74551E-05	0.000027582	1.42642E-05	4.30963E-05
156.042	0.000131085	0.000208328	0.000165707	6.01367E-05	0.000238756
156.079	0	0.000239955	3.58145E-05	0	0.000136893
156.094	0.00	0.00	0.00	5.38041E-05	0.000108472
156.188	4.98618E-05	2.78216E-05	3.97842E-06	5.11729E-06	1.18834E-05
156.977	1.44962E-05	4.24284E-06	9.34013E-06	3.85705E-05	1.40906E-05
157.05	0.000243905	4.91541E-05	0.000177189	0.000184104	0.000361324
157.065	0	0.000302998	0	0	0
157.102	0.00124857	0.000823774	0.000190903	5.86158E-05	0.000237189
158.037	9.04821E-05	7.76967E-05	0.000105299	5.29526E-05	0.000203008
158.073	0.000292073	0.000561427	0.000177717	4.44635E-05	0.000229901
158.109	0.000508126	0.000366328	8.63439E-05	2.89132E-05	0.000084792
159.045	0	7.55211E-05	0.000133953	4.85926E-05	0.000306609
159.066	0.000382839	0.00058249	0.000180169	8.70502E-05	0.00022478
159.102	0	0.000350318	0	5.95331E-05	0.000204925
159.117	0.00129846	0.000547294	6.22413E-05	0	0.000126042
160.016	3.57415E-05	2.0134E-06	2.74006E-05	1.42732E-05	0.000119034
160.052	0.000181762	0.000377631	0.000164262	3.44923E-05	0.000347338
160.074	4.49601E-05	6.73254E-05	0	0.000013137	0
160.089	5.97802E-05	0.000151249	0	0	6.18478E-05
160.125	0.000330803	0.000195905	0	1.62558E-06	6.54605E-05
161.024	0.000071782	4.40425E-05	7.42343E-05	4.05781E-05	0.000223672
161.039	4.08662E-06	4.15569E-06	1.42793E-06	0	7.77572E-06
161.06	0.000499668	0.000937559	0.000379683	0.000118109	0.000333103
161.097	0.000219972	0.00052361	0.000138548	0.000077261	0.000211074
161.133	0.000863482	0.000453286	0.000064121	1.40573E-05	0.000168618
162.032	8.43707E-05	8.75702E-05	0.000104631	9.44911E-05	0.00024249
162.105	0.000034114	0.000137823	0	0	6.58089E-05
162.141	0.000244115	0.000139228	2.20494E-05	8.92387E-06	5.00532E-05
163.04	0.000159028	0.000293849	0.000393278	0.000104338	0.000517643
163.055	8.45836E-05	0.000374034	0	0	0
163.076	0.000393906	0.000621347	0.000316494	0.00010228	0.000263933
163.112	0	0.000215417	0	4.75883E-05	0.000152526
163.149	0.000734106	0.000240472	5.69699E-05	2.20339E-05	9.56013E-05
164.011	3.09708E-05	0	4.54483E-05	0.000030607	0.000127689
164.047	0.000128246	0.000275058	0	9.70484E-06	0.000413593
164.063	0.000174774	0.00025058	0	0	2.54868E-06
164.084	0.000191719	0.00047448	7.50416E-05	1.85003E-05	0.000159504
164.12	4.32296E-05	0.000129833	4.62427E-06	1.11483E-05	6.05141E-05
164.156	0.000162737	6.71962E-05	2.29434E-06	9.11164E-06	2.09207E-05
165.019	6.19836E-05	8.83926E-05	0.000196135	0.000111493	0.00035169
165.07	0.00118949	0.001912007	0.000889352	0	0.000468348
165.092	0.000520892	0.000613636	5.07726E-05	0.000058247	0
165.128	8.63442E-05	0.0002468	1.69813E-05	0.000018992	0.000188453
165.164	0.000386638	8.44686E-05	6.52921E-06	1.59411E-05	9.47617E-06
166.027	0.000139863	0.000110532	0.000102857	3.36789E-05	0.00023658
166.048	0	5.51416E-05	0	0	9.68891E-05
166.078	0.000690617	0.001021608	0.00038954	4.49731E-05	0.000239724
166.172	0.000138633	0.000104948	1.79431E-05	1.10124E-05	3.50732E-05
167.034	0.000139753	0.000212208	0.000228767	6.89157E-05	0.000348885
167.086	0.0011359	0.001837145	0.000362819	0.000120227	2.74215E-05
168.042	0.000201517	0.00054383	0.000267806	3.07489E-05	0.000229392
168.094	0.000574358	0.001043827	0.000229145	8.4447E-06	0.000134327
168.989	0	0	6.85373E-06	1.61149E-05	3.09533E-05
169.05	0.000198208	0.000512693	0.000357497	9.21687E-05	0.000237009
169.087	0	0.000418817	3.03846E-05	9.78748E-06	2.68305E-05
169.102	0.000843337	0.000512825	0.000114408	4.78142E-05	0.000205284
169.196	0.000166386	6.43996E-05	1.41179E-05	6.19205E-06	2.61656E-05
170.045	9.19317E-05	0.000107121	0.000126767	4.45404E-05	0.000214338
170.073	0.000156589	0.000351909	9.45266E-05	0.000014553	0.000114332
170.109	0.000343549	0.000299207	7.67638E-05	6.83441E-06	0.000105447
170.203	3.36081E-05	1.88889E-05	2.3672E-07	9.70124E-07	8.23732E-06
171.029	5.96942E-05	7.42079E-05	9.16412E-05	2.11595E-05	0.000154692
171.066	0.00030075	0.00057123	0.000242082	5.30906E-05	0.000302296
171.102	0	0.000136541	0	0	1.26151E-05
171.117	0.000803737	0.000454999	7.67638E-05	2.25026E-06	0.000163157
172.061	0.000199137	0.000276981	0.000216547	4.82059E-05	0.000342367
172.074	0	6.90668E-07	3.66637E-07	0	0
172.089	0.000104722	0.000245181	0	5.5294E-06	1.79559E-05
172.125	0.000249054	0.000203956	5.31367E-05	6.57698E-06	9.22431E-05
173.024	0.000052951	1.02346E-05	7.71894E-05	3.88703E-05	0.000234553
173.06	0.000318636	0.00051606	0.000245501	4.86056E-05	0.000292822
173.097	0.000111301	0.000364534	9.07571E-05	5.54539E-05	0.000135595
173.133	0.000639911	0.000370065	8.96997E-05	1.94137E-06	0.000108202
174.032	0.000146931	7.5866E-05	0.000102049	3.03152E-05	0.000313347
174.068	0.000284305	0.000514918	0.000192986	1.87311E-05	0.000204755
174.105	0.000104702	0.000217758	1.81175E-05	1.84703E-05	9.50213E-05
174.141	0.000174134	0.000112722	1.43232E-05	0	4.12465E-05
175.04	0.000241456	0.000209229	0.000236929	8.06356E-05	0.000518312
175.076	0.000460948	0.00070085	0.00024881	3.09997E-05	0.000153025
175.112	0.00003414	0.000202369	7.67588E-06	5.20962E-05	0.000148562
175.149	0.000503027	0.000255199	5.86084E-05	2.45471E-06	7.10019E-05
176.047	0.000216103	0.000319355	0.000199355	3.27825E-05	0.00037527
176.08	0.000438524	0.000745652	0.000231139	2.17561E-05	0.000229702
176.156	0.000162887	0.000137882	3.03368E-05	6.72418E-06	6.39791E-05
177.019	0	0	0.000097698	5.61175E-05	0.000179279
177.07	0	3.81433E-06	1.39504E-05	0	0
177.092	0.000426137	0.000585694	0.00011677	6.30247E-05	0.000282301
178.027	0	3.00009E-05	7.58838E-05	3.18831E-05	0.000243198
178.078	0.000884306	0.001234389	0.000477596	0	0.000279775
179.034	6.85229E-05	0.000165656	0.000213667	4.53699E-05	0.000325915
179.086	0.000837838	0.001071619	0.000396038	3.53128E-05	0.000290706
180.094	0.000543946	0.000887989	0.000287082	0	0.000268954
181.087	0.000922216	0.001881135	0.000639795	0	0.000218002
