PMF_m/z	HOA	COA	BBOA	OOA1	OOA2	OOA3
12	0.00068104	0.00460045	6.69985E-10	0.00914366	0.00746704	0.0151065
13.0078	0.000757257	0.00191299	0.000623643	0.00457071	0.00321826	0.00475635
15.0235	0.00931248	0.0112995	0.0228048	0.0410941	0.0180362	0.0335176
15.9949	4.35532E-05	0.000530776	0.000119186	0.000813861	0.001345	0.00164931
17.0027	0.000273781	0.00329139	0.000745441	0.00512488	0.00838335	0.0103288
18.0106	0.0010958	0.0131654	0.00298777	0.0204998	0.0335334	0.0413162
25.0078	0.000697168	0.0026689	0.000275403	0.00370891	0.00297282	0.0037198
26.0031	0.000149452	5.54402E-06	0.000603413	9.94157E-05	6.64264E-05	0.000737903
26.0156	0.00710994	0.0160587	0.00546349	0.0186985	0.0149894	0.0168101
27.0109	0.000825386	0.000709734	0.0031202	0.00155711	0.00222825	0.00570638
27.0235	0.0310631	0.049623	0.031752	0.0453412	0.0343377	0.0289337
27.9949	0.00487019	0.0585126	0.013279	0.0911073	0.149034	0.183626
29.0027	0.00209755	0.0110471	0.0169858	0.0593488	0.0326058	0.0584587
29.0391	0.0296578	0.0368764	0.0276251	0.0202349	0.0173685	0.00919105
30.0469	5.63272E-10	0.00113219	4.96548E-10	0.00262402	0.00137452	0.00218112
31.0184	0.00227375	0.00480649	0.0122308	0.0157391	0.015168	0.0150638
36	0.000150848	0.000385309	0.000167127	0.000681525	0.000466089	0.000504338
37.0078	0.00208288	0.00311484	0.00155871	0.003967	0.00327604	0.00325216
38.0157	0.00412568	0.00579484	0.0032167	0.00664019	0.00580677	0.0054008
39.0235	0.0394244	0.0442044	0	0.0369737	0.0315735	0.0223374
40.0313	0.00673142	0.00869781	0.000117408	0.00747215	0.00883117	0.00463861
41.0027	2.5974E-11	0.00115258	0.00487821	0.00351725	0.00419834	0.00484078
41.0391	0.086331	0.0780284	0.0357875	0.0382431	0.0291405	0.0195802
42.0106	0.000593728	0.00901033	0.0108239	0.0210936	0.0241278	0.0216992
42.047	0.0185956	0.0188878	0.00728873	0.0076261	0.0056353	0.00505801
43.0184	0.0145026	0.0182689	0.0616162	0.120074	0.0840134	0.0668456
43.0548	0.0793498	0.0411392	0.0173812	0.0092281	0.00576265	0.00477104
43.9898	0.00487019	0.0585126	0.013279	0.0911073	0.149034	0.183626
44.0262	5.63523E-10	0.00480631	0.0101208	0.00777977	0.00730577	0.00457852
44.0626	0.00224333	0	0.00955128	0.000437454	0	0.000510151
44.9977	0.00063671	0.00395211	0.00317656	0.00733846	0.0139225	0.011995
45.034	0.000937022	0.0037963	0.0065335	0.00624138	0.00553414	0.00466361
47.0133	7.01129E-05	0.000209336	0.00154258	0.000999589	0.00106085	0.00159532
48	0.000286581	0	0.00568424	0.000618284	0.000576852	0.00191394
49.0078	7.36488E-11	0.000777262	4.93164E-10	0.00101141	0.000824873	0.00080184
50.0157	0.00376207	0.00460227	0.00357567	0.00524027	0.00443451	0.00406691
51.0235	0.00679405	0.00744554	0.00637089	0.00760809	0.00600929	0.00509807
51.9949	7.55491E-11	0.000120809	9.80114E-05	0.000218324	0.000180515	0.000309098
52.0187	5.91092E-09	0.000175203	0.000747212	6.15694E-05	0.00035438	0.000190013
52.0313	2.91E-03	0.00398524	0.00280333	0.00399486	0.00378577	0.00323521
53.0027	1.76508E-10	0.00115547	0.00299992	0.00253666	0.00237159	0.00284632
53.0391	0.0119354	0.0120551	0.0103909	0.0105537	0.00928166	0.00580386
54.0106	2.79841E-10	0.00104244	8.08958E-05	0.00208795	0.0024411	0.00258962
54.0218	0	0	0.00845951	2.57659E-05	0.000507246	0.000546237
54.047	0.00969649	0.0143123	0.00446709	0.00339735	0.00390372	0.00238407
55.0184	0.00206797	0.0242117	0.0191603	0.0183636	0.0200567	0.0122948
55.0548	0.0753917	0.0483307	0.0190125	0.0132838	0.0090984	0.00684574
55.9898	5.76538E-11	1.77979E-05	1.60531E-10	0.000273637	0.00026123	0.000521267
56.0262	1.81459E-09	0.00390915	0.00369145	0.00424423	0.00494864	0.00364525
56.0626	0.0236072	0.0130658	0.00306873	0.00361069	0.00196396	0.00227184
57.034	0.00152005	0.00971983	0.0118841	0.00942764	0.00838468	0.00522612
57.0704	0.0755253	0.0204386	0.000640308	0.00219498	0.0015114	0.00269634
58.0055	2.05E-10	0.000315834	0.000429564	0.00101335	0.00164795	0.00199257
58.0419	0.000831625	0.00273624	0.00335274	0.00866605	0.00443898	0.00340083
58.0783	3.77268E-11	0.000342845	4.93239E-11	0.00104766	4.58578E-05	0.000544181
59.0133	6.15201E-05	0.000343628	0.000931491	0.00104532	0.00116101	0.0011643
59.0497	0.000577707	0.00183035	0.00220454	0.0045071	0.00482162	0.00142882
60.0211	0.000632678	0.00577118	0.00911232	0.00373171	0.00301927	0.00375345
60.0449	0.000288299	0.000281597	0.00443843	0.000299207	0.000212696	0.000320854
60.0575	5.22915E-06	0	0.000236302	0	0	0
61.0289	0.00036751	0.00114974	0.00172747	1.34E-03	0.00112715	0.00117444
61.9826	1.18709E-06	2.70112E-06	5.03594E-05	0	0	0.000157287
62.0157	0.00104892	0.0010921	0.00122871	0.00114282	0.000948958	0.000894455
62.9905	5.08468E-05	7.97157E-05	0	1.52E-05	0.000106045	0.00042413
63.0235	0.00277562	0.0028784	0.00338613	0.00272019	0.00202047	0.00194232
64.0313	0.00120118	0.000863574	7.97103E-10	0.000759148	0.000688194	0.000279003
65.0391	0.00603713	0.00626044	0.00628423	0.00493574	0.00390239	0.0031369
66.0106	6.42973E-05	0.000190607	7.40308E-11	0.000432782	0.000456313	0.000512242
66.047	0.0024484	0.00331888	0.00218624	0.00222104	0.00228343	0.00164646
67.0184	7.65333E-12	0	9.80189E-12	0.000567454	0.000990208	0.000791174
67.0548	0.0303246	0.0255168	0.00567681	0.00818815	0.00677532	0.00417659
67.9898	1.07407E-11	0.000100513	2.20139E-11	0.00022377	0.000258291	0.00043562
68.0262	1.27717E-10	0.00201419	0.0024184	0.00273263	0.00328776	0.00281183
68.0626	0.0084223	0.00790495	0.00350236	0.00214575	0.00212403	0.00133822
68.9977	8.13146E-11	0.000737674	0.00166917	0.00176	0.002354	0.0024131
69.034	0.000878567	0.00266635	0.00492826	0.00475449	0.00567089	0.00312482
69.0704	0.0451064	0.0188641	0.00674885	0.00526757	0.00326831	0.00278191
70.0055	4.51219E-10	0.000227156	0.000535866	0.000664919	0.000938295	0.00113337
70.0419	7.58832E-11	0.00300727	0.00421947	0.00334979	0.00341451	0.00167253
70.0782	0.0104156	0.00500853	0.00282021	0.00102374	0.000393757	0.000777782
71.0133	1.02352E-10	0.00101539	0.00213319	0.00258797	0.00442012	0.0035095
71.0497	0.000971987	0.00415415	0.00497133	0.00600581	0.00475005	0.00207434
71.0861	0.0324648	0.0064217	4.73032E-10	0.000521438	0.000432755	0.00104153
72.0211	0.000055819	0.000495174	0.000882043	8.49E-04	0.00148968	0.00114487
72.0575	0.000196657	0.000753345	0.000291528	0.00144318	0.000921502	0.000650028
72.0939	7.04612E-11	4.49233E-05	2.6327E-11	8.95059E-05	0	2.53274E-05
73.0078	2.58928E-10	0	0.000636234	3.33909E-06	0	0.000120288
73.029	7.58521E-10	0.00630958	0.00744293	0	0.00397816	0.001357
73.0402	1.50382E-05	0.00108647	2.39513E-11	0.00101543	0.000548909	0.00117331
73.0653	7.59428E-05	0.000618599	0.00120222	0.000355243	0.000358125	0.000198143
74.0156	7.75E-04	0.000689421	0.00100097	0.000630695	0.000568228	0.000603098
74.0368	0.000348805	0.000944025	1.42E-03	0.00136772	0.00153679	0.00108241
74.0732	5.32292E-05	5.2082E-06	0.00020069	9.63901E-05	4.13176E-05	1.65956E-05
75.0235	0.000774674	0.000738038	0.00111128	0.000670239	0.000500948	0.000641555
75.9441	4.73742E-10	9.2637E-06	1.66526E-05	1.98221E-05	0.000014407	7.32689E-05
76.0035	0	2.68765E-05	0	0.000111194	0	2.66867E-05
76.016	1.26213E-09	0	0.000124386	0	0.000923967	0.000180823
76.0313	0.00105908	0.00124697	0.0013775	0.00119621	0.000826739	0.00096888
77.0027	5.72E-09	0	1.98349E-07	0	1.49374E-05	0.000061886
77.0391	0.00934648	0.00820491	0.00936819	0.00648567	0.0041367	0.00345979
77.9775	0	0.000139566	0.000302431	0.00015427	0	0.000984108
78.047	0.00322131	0.00413576	0.00211022	0.00204044	0.00162156	0.00141537
78.9854	1.18909E-10	0.000364032	0.000368342	0.000615666	0	0.00284057
79.0184	5.67185E-11	0	0.000339941	3.60365E-05	0.000221366	0.000361486
79.0548	0.0154856	0.0131823	0.00924063	0.00672378	0.00481649	0.0032217
80.0262	0.000276333	0.000207025	0.00142898	0.000682369	0.000833936	0.00100082
80.0626	0.00355044	0.00391953	0.00236129	1.13E-03	0.00120452	0.000598298
81.034	0.000337675	0.0022559	0.00367201	0.00252951	0.00309324	0.00154999
81.0704	0.0252809	0.013752	0.00611352	0.00432416	0.0026013	0.00185539
82.0055	3.28286E-07	0.000224353	0.000212276	0.000436272	0.000630977	0.000525865
82.0419	0.000419427	0.00134897	0.00228003	0.00242867	0.00310024	0.00125366
82.0782	0.00635087	0.00420566	0.00193412	0.00106615	0.000717183	0.000555582
83.0133	3.98061E-11	0.000214833	0.000977863	0.000664779	0.000944759	0.000990982
83.0497	0.000546559	0.00370238	0.0054376	0.00450654	0.00342838	0.00186731
83.0861	0.0232564	0.00817925	1.16E-03	1.04E-03	0.000831937	0.000835141
84.0211	9.66E-11	0.000404676	2.38958E-11	0.000980169	0.00165001	0.00117527
84.0575	1.40755E-10	4.01E-03	2.37E-03	1.48E-03	1.46E-03	0.0006777
84.0939	1.78E-04	0.00328102	1.28183E-10	0.000920699	0	0.00054632
85.029	5.3358E-11	0.00244502	3.24E-03	0.00298053	0.00487027	0.00306064
85.0653	0.000570979	0.00208608	0.00114617	0.00153031	0.00150887	0.000568191
85.1017	0.0165223	0.00271877	6.33315E-10	3.89017E-05	0.000154799	0.000461609
86.0156	0.000299214	0.000167773	0.000120342	0.00020426	0.000269906	0.000171769
86.0368	8.83482E-11	0.000546193	0.000681856	0.00097378	0.00148368	0.000907728
86.0732	0.000202777	0.000250581	4.14444E-05	0.000352597	0.000254146	0.000146668
86.1096	9.91277E-06	5.07424E-05	3.22578E-05	6.50706E-05	0	0.000028398
87.0082	4.59355E-11	0.00026618	1.71816E-05	0.000285725	0.00150834	0.000752599
87.0235	0.000396833	0.000130789	0.000522548	8.34801E-05	0.000321859	4.90988E-05
87.0446	0.000338331	0.0012426	0.00150619	0.00129908	0.00181342	0.000838933
87.081	5.19837E-05	0.000204822	0.000152367	0.000145829	0.000107891	2.58725E-05
88.0035	1.57492E-05	0	9.76E-05	5.13557E-06	0.000162442	5.17504E-05
88.0313	0.000251449	0.00027579	0.000584347	0.000213326	0.000428897	0.000238454
88.0524	0.000158017	0.000185056	0.000862684	0.000275672	0.000341505	0.000184094
88.0888	0.000164889	0	0.000614451	4.43983E-05	5.11564E-06	5.66603E-06
89.0113	2.48562E-05	2.53603E-05	0.000283229	1.09956E-05	0	7.17579E-06
89.0239	6.92158E-11	0	0.000305965	0	0.000972415	3.81348E-11
89.0391	0.00141579	0.00143641	1.46E-03	1.33E-03	8.75E-04	0.000877094
90.0191	3.26E-05	2.41371E-06	6.21E-04	1.25E-05	3.73E-05	6.32252E-07
90.0317	2.40557E-09	0	0.00024728	0	0.000182008	0
90.047	0.000337722	0.000554548	0.000434779	0.000525687	0.00038638	0.000321518
91.0184	0	0	0.00E+00	0.00E+00	8.21608E-08	3.07332E-06
91.0548	1.39E-02	0.00978208	0.01006	0.00610628	0.00367128	0.00305015
92.0262	3.24934E-11	0.000134127	9.69E-09	0.00021963	0.000274191	0.00028465
92.0626	0.00238875	0.00172526	7.98E-04	0.000887629	0.000585342	0.000487231
93.034	1.05379E-11	5.00562E-05	1.98206E-11	0.00028049	4.27E-04	0.000309276
93.0704	9.49E-03	0.00511847	0.00418563	0.00301796	0.00151407	0.0011473
94.0419	1.31248E-10	0.000918361	8.43E-04	0.00103325	0.00113135	0.000867909
94.0782	2.36E-03	0.00157507	6.78E-04	0.000703196	0.000491885	0.000293016
95.0133	2.85137E-11	0.000224298	0.000437652	0.000402019	0.00036115	0.0005089
95.0497	0.000139431	0.00164646	0.00365753	0.00268222	0.00266568	0.0014367
95.0861	0.0177558	0.00748467	0.00291393	0.00201795	0.00111709	0.000947311
96	1.89523E-11	0.000214578	1.57049E-11	0.000415135	0.000196049	0.000915195
96.0297	0.000148772	0.000138317	0.00243475	0.000514261	0.000684196	0.000547807
96.0575	1.7813E-11	0.00107031	0.000102979	0.00103286	0.00122265	0.000567693
96.0939	0.00211151	0.00187076	1.19637E-10	0.000465317	0.000189532	0.000206551
97.029	4.70449E-11	0.000674351	1.72927E-05	0.00162958	0.0022761	0.00133798
97.0653	6.86635E-11	0.00288422	0.00599609	0.00157858	0.00151767	0.000644162
97.1017	0.0153711	0.00336165	0.00300262	0.000195626	0.000242811	0.000569957
98.0156	1.03687E-05	0.000199271	5.19674E-11	0.000285697	0.000722047	0.0012456
98.0368	5.39449E-11	0.000459736	8.15862E-12	0.00117831	0.00165541	0.00017386
98.0732	0.00054904	0.00308171	4.15112E-11	0.00058755	0.000550369	0.000238004
98.1096	0.00123995	0.000477318	0.00025317	0.000039428	0	2.18746E-05
98.9956	0	0.000161355	0.000117423	0.000237505	0.00053037	0.000483753
99.0235	0.000324505	5.44409E-05	5.44691E-11	0	0.000607439	6.23126E-05
99.0446	2.61243E-11	0.00117582	0.00241359	0.00271906	0.00317481	0.00142674
99.081	0.000109194	0.000983996	2.83822E-11	0.000640715	0.000441032	0.000144405
99.1174	0.00280401	0.000261975	7.11937E-10	0	0	8.23409E-05
100.004	2.01369E-05	5.92352E-05	0	0.000115337	0.000325178	0.000301348
100.031	3.34334E-10	0.00026405	2.58212E-11	0.00016074	0.000665663	0.000223238
100.052	7.59404E-11	0.000513012	1.4157E-11	0.000568636	0.000766763	0.000316724
100.089	4.81794E-06	0.000114504	6.92195E-11	7.34887E-05	5.70274E-05	9.83042E-07
101.024	3.18289E-06	0.000433234	0.000209244	0.000482542	0.00205119	0.000882545
101.039	0.000427802	0.000176417	0.000413461	5.11615E-05	0.000551228	0
101.06	1.32166E-10	0.000657423	7.94101E-06	0.000643895	0.000695058	0.000216174
101.097	2.54729E-05	0.0000452	0.00017992	2.91214E-05	2.41078E-05	0
102.011	8.10987E-06	4.44738E-06	0	6.96357E-07	0	2.05212E-06
102.019	3.19101E-05	0	0.00098109	0	0.000349628	5.95217E-05
102.047	0.000704028	0.000777044	0.000550911	0.000633876	0.00065616	0.000447364
102.104	5.4644E-06	5.8671E-06	1.94995E-05	9.58019E-06	7.95085E-06	2.72129E-06
103.018	1.83344E-09	0.000041536	1.23951E-09	0.000121982	0.000294823	0.00022508
103.055	0.00169696	0.00149777	0.00156734	0.00120673	0.000888848	0.000740985
104.026	2.49039E-11	0.000267855	2.53448E-10	0.000379532	0.000265808	0.000359892
104.063	0.00149989	0.00138148	0.0010598	0.000540914	0.000372106	0.000333956
105.07	0.00801599	0.00351837	0.00289232	0.00212085	0.0010068	0.000889359
106.042	3.07899E-11	0.000459008	4.63029E-11	0.00048772	0.00029429	0.000276988
106.078	0.00174862	0.000727099	0.000223538	0.000473957	0.000340618	0.00023369
107.05	1.9439E-11	0.00123217	2.19817E-11	0.00104594	0.00103279	0.000582157
107.086	0.00543052	0.00212777	0.00157109	0.00154298	0.000615716	0.000520822
108	9.16348E-06	4.57861E-06	0	1.37861E-06	0	0.000011457
108.058	0.000145098	0.000620874	0.000957529	0.000691657	0.000813545	0.000447654
108.094	0.00143511	0.000456787	0.000512373	0.000523239	0.00014391	0.000146781
109.029	1.42664E-11	0.000335564	4.56719E-11	0.00040565	0.000638401	0.000433196
109.065	3.89794E-05	0.000935361	0.00188017	0.00151751	0.00123338	0.000621645
109.102	0.00886465	0.00296813	0.00108441	0.00091279	0.000405066	0.000372845
110.037	7.0676E-11	0.000394701	0.000957829	0.000568242	0.000856794	0.000586839
110.073	0.000100603	0.000546721	0.000406265	0.000499738	0.000499422	0.00018202
110.11	0.00110166	0.000516634	0.000251834	0.000104915	2.98595E-05	4.31312E-05
111.023	9.52959E-05	0	8.68011E-11	0	0.000180968	7.52658E-05
111.045	2.28592E-11	0.000889238	0.000942597	0.00139401	0.00203639	0.000831763
111.081	0.000343866	0.00147997	0.00031058	0.000847326	0.000625846	0.000188028
111.117	0.00534821	0.00068367	3.77331E-10	8.13524E-05	7.97151E-05	0.000168379
112.004	2.94228E-05	0.000020384	0	5.99145E-05	0.000126503	9.34393E-05
112.031	1.84047E-05	9.57913E-05	9.57454E-11	6.75277E-05	0.000318214	9.71309E-05
112.052	5.91235E-11	0.000439914	0.000227433	0.000476575	0.000840201	0.000311154
112.089	5.74581E-05	0.000619291	8.63884E-11	0.00013711	0.000162502	9.7439E-06
112.125	0.000588706	0.000123447	8.61033E-05	0.000047801	0	5.76664E-05
113.003	3.91882E-05	5.02164E-05	0	0.000126336	0.000309957	0.000187175
113.039	0.0002415	0.000296049	0.000664117	0.000440944	0.000975014	0.000555647
113.06	3.18015E-11	0.000807258	2.13881E-05	0.000641362	0.000784823	0.000155462
113.097	7.64784E-05	0.000556331	6.32617E-05	0.000162021	0.000213316	2.19653E-05
113.133	0.00137666	4.05076E-05	4.27688E-10	0	0	5.42664E-05
114.019	1.63779E-05	9.50796E-06	0.000140054	7.78681E-06	3.77584E-05	1.85966E-05
114.032	1.01722E-10	3.45976E-06	4.71861E-10	1.41076E-05	0.000189858	0
114.068	4.35377E-11	0.000298815	1.2675E-10	0.000202853	0.000359298	6.03691E-05
114.141	6.42925E-06	4.86638E-06	4.58122E-05	3.23327E-06	0	4.15437E-06
115.055	0.00349998	0.00315088	0.0031677	0.0020947	0.00164868	0.00109053
116.035	0	0.000160185	0.000997748	2.25929E-05	0.000251294	9.59636E-05
117.034	0	8.83778E-06	0.000497636	3.49811E-05	0.000249801	5.63948E-05
117.07	0.00347457	0.00243665	0.00550281	0.000997337	0.000564163	0.000579396
118.027	2.17175E-05	3.20967E-06	0	9.66884E-06	2.97755E-05	1.80509E-05
118.042	0	0.000246395	0.00556614	8.34604E-22	0.00016083	5.24917E-05
118.063	1.91289E-05	2.96413E-05	0.00112463	6.24475E-06	1.38265E-05	3.58861E-06
118.078	0.00140111	0.000684871	0.00230824	0.000284656	0.000165681	0.000132731
119.034	0.000205365	0	0.00010571	3.37596E-05	0.000099374	5.93677E-05
119.086	0.00495203	0.00140569	0.00582396	0.000894384	0.00025366	0.000430239
120.021	0.000102012	7.40932E-06	0.000931191	0.000112768	8.01216E-05	0.000128198
120.058	0.000103897	0.000443099	0.00340016	0.000310183	0.000308278	0.000279014
120.094	0.00140064	0.000489295	0.00212118	0.000300642	0.000128976	0.000168373
121.029	0.000174361	0.000146477	0.00292481	0.000281898	0.000217994	0.000330306
121.065	0	0.000655348	0.00386801	0.000654816	0.000586148	0.000362297
121.102	0.00328131	0.00145913	0.00294425	0.000594698	0.000189891	0.000260195
122.037	8.07289E-05	0.00021527	0.00234021	0.000265078	0.000358511	0.000342465
122.073	2.93822E-05	0.000399543	0.00230037	0.000420201	0.000380469	0.000242158
122.11	0.000961954	0.000338513	0.00113071	0.000188702	3.93051E-05	7.02173E-05
123.029	1.62491E-05	0	0.000146334	1.39381E-05	1.82215E-05	3.64229E-06
123.045	0.000157302	0.000308189	0.00339491	0.000301149	0.000561758	0.000352935
123.081	0	0.000707059	0.00256719	0.000653211	0.000476685	0.00023385
123.117	0.00397644	0.000803054	0.0013126	0.000322201	7.16716E-05	0.000172497
124.016	2.16662E-05	3.91261E-05	0.000657221	3.78772E-05	0.000141517	0.000107578
124.052	6.73715E-05	0.000262995	0.00204397	0.000302077	0.000506746	0.000302663
124.089	8.34882E-06	0.000302274	0.00156502	0.000263781	0.000148874	0.000081535
124.125	0.000897141	0.000252784	0.000321737	0.000067401	1.10756E-05	2.70482E-05
125.024	0.000100124	0.000128814	0.000885795	0.000169282	0.000465749	0.000306544
125.06	7.68506E-06	0.000509499	0.00217243	0.000553466	0.000904642	0.000372211
125.097	0	0.000732869	0.00100217	0.000364052	0.000192584	5.53952E-05
125.133	0.00172714	0.000128239	0.000548225	2.40694E-05	5.54947E-06	5.11804E-05
126.019	0	3.56405E-05	0.00012146	3.59859E-05	0.000171019	9.12173E-05
126.068	7.24308E-05	0.000248433	0.00126397	0.000169355	0.000309211	2.60882E-05
127.022	1.27144E-05	6.27645E-06	0	9.90273E-07	0	2.95949E-06
127.027	0	0	0	0	0.000416042	0
127.055	0.000813743	0.000710917	0.00457965	0.000438354	0.000598283	0.000494146
127.076	0	0.000200964	0.00239664	0.000247204	0.000246389	0
127.112	0.000495787	0.000472513	0.000222668	8.62833E-05	9.47025E-05	1.96869E-05
128.035	0	0	0.000102596	2.72067E-06	0.000232908	3.59862E-05
128.063	0.00196406	0.001355	0.00646154	0.000643952	0.000403727	0.000489322
128.084	0.000415944	0.000410082	0.00159601	0.000207199	0.000119299	0.00002383
129.019	0.000306062	0	0.00130712	0.000114245	0.00017587	0.000102322
129.07	0.00264344	0.00221295	0.00452622	0.000810681	0.000502368	0.000474669
130.027	5.92833E-05	5.33452E-05	0.000742529	6.79217E-05	0.000128976	9.05714E-05
130.063	0	0.000126221	0.00260613	0	0.000165948	2.64159E-05
130.078	0.00110016	0.000697922	0.00224739	0.000210376	8.32071E-05	0.000108549
131.001	2.80843E-06	0	0	2.10509E-06	5.83542E-06	2.35859E-06
131.034	1.21155E-05	0	0	6.29626E-07	3.21846E-06	6.05765E-06
131.071	0	7.85453E-06	0.000173205	5.74322E-06	1.06225E-05	6.75212E-06
131.086	0.0027353	0.00116965	0.00406092	0.000441872	0.000181741	0.000206255
132.025	7.8349E-07	1.47906E-06	0	1.17161E-06	9.14238E-07	4.96516E-07
132.03	2.07739E-05	7.75915E-06	8.38898E-05	8.11722E-06	0.000014247	0
132.057	4.00555E-05	0	0.00499699	0	2.89132E-05	0
132.066	0.000013664	0.000019736	0	1.76957E-05	4.60158E-06	1.11121E-05
133.014	0	0.000040757	0.000490733	7.10261E-05	5.10598E-05	0.000146573
133.05	3.74978E-05	0	0.000292834	3.66895E-05	0.000127809	2.06374E-05
133.065	0.000087735	0.000304731	0.0110843	0	0	2.85722E-06
133.102	0.00281642	0.000684853	0.00510474	0.000291382	2.18587E-05	8.40059E-05
134.021	1.09231E-05	3.93482E-05	0.00176108	5.75813E-06	8.98244E-05	0.000015382
134.058	5.34522E-06	7.47175E-05	0.00257522	0	0.000137319	2.55401E-05
134.109	0.000816415	0.000232234	0.00142463	0.000164655	4.01448E-05	7.38615E-05
134.975	1.21847E-05	1.56388E-06	0	9.97703E-06	1.75184E-06	1.69345E-05
135.045	0	0.00023116	0.00474735	2.27654E-05	0.000263995	0.00017389
135.081	0	0.000417435	0.00233383	0.000429545	0.000276997	0.000174411
135.117	0.00210507	0.000762392	0.00164005	0.000250373	4.41339E-05	0.000110363
136.003	2.3699E-06	3.16162E-06	0	4.02892E-06	1.76857E-06	3.53338E-06
136.016	5.61566E-05	0	0.000775567	7.02436E-06	5.80737E-05	0
136.052	1.83045E-05	0.000196723	0.00211375	0.000162229	0.000255699	0.000202688
136.089	0	0.00023116	0.00170571	0.000156718	0.000130122	5.88515E-05
136.125	0.000566064	0.000169317	0.000530171	7.06405E-05	5.10998E-06	1.21331E-05
137.024	5.79174E-05	0.000040413	0.00200593	0	0.000226011	3.48195E-05
137.06	0.000137582	0.000336766	0.00292151	0.000356228	0.000389086	0.000283097
137.097	0	0.000407169	0.00165468	0.000303147	0.000151047	4.05305E-05
137.999	4.05148E-06	8.00924E-08	0	2.33779E-06	0	2.82333E-06
138.047	2.47512E-05	0	0.00150454	0	6.79598E-05	0
138.068	0	1.35942E-05	0.00227658	3.00051E-07	0.000123251	0
138.105	4.26501E-05	0.000123492	0.00119547	0.000102998	4.77078E-05	8.67968E-06
138.141	0.000475293	0.000102904	0.000408719	1.18796E-05	0	3.24048E-06
139.027	7.11853E-05	4.58989E-05	0.000207736	0.000158914	0.000324918	0.000176325
139.055	3.41313E-05	0	0.0126825	0	0.000246969	0
139.063	5.05343E-06	3.15943E-06	0	1.62488E-06	0	2.45512E-06
139.112	0	0.000317709	0.00150566	0.0001027	7.80224E-05	0
140.011	6.81875E-06	0	0.000119764	1.31594E-05	5.62844E-05	2.17875E-05
140.047	4.11756E-05	9.51142E-05	0.00204127	0	0.000277217	4.29552E-05
140.084	2.61279E-06	0	0.000708703	8.29622E-06	3.35814E-05	0
140.12	1.97027E-05	2.52238E-05	0.000361461	1.92977E-05	8.48797E-06	8.9167E-08
140.156	0.000171498	0	7.84497E-05	5.10546E-06	1.55978E-07	4.88274E-06
140.982	8.37113E-06	7.15031E-06	8.36121E-06	5.7784E-06	4.73179E-06	2.41933E-06
141.019	5.85187E-05	0	0.000768589	0	8.54462E-05	7.2226E-06
141.043	0	3.18237E-05	0	6.17467E-06	0.000375038	0
141.07	0.00121394	0.000673804	0.00420957	0.000397516	0.000370033	0.000300974
141.092	0.000165938	0.000504056	0.00254656	0.00015414	5.96604E-05	0
141.164	0.000402917	7.51507E-05	0.000250806	1.96414E-05	8.13678E-06	1.50259E-05
142.014	0	2.02893E-05	0.000329444	1.01006E-05	8.48864E-05	4.63582E-05
142.078	0.000510353	0.000153736	0.000332287	0	0	0
142.099	2.97914E-05	4.79248E-06	0.00186471	0.000029915	1.79322E-05	0
142.172	0.000019099	1.4444E-06	3.47407E-05	1.24419E-06	4.97876E-07	1.16567E-06
143.034	0.000023507	6.35891E-05	0.000507263	0	0.000292751	2.03239E-07
143.071	0	8.43043E-06	0.00505912	6.04774E-06	0.000124324	1.65731E-05
143.086	0.000028441	9.25805E-06	4.34193E-06	5.10208E-06	2.50408E-06	1.34497E-06
144.03	6.7653E-06	0	0	2.21823E-06	2.24518E-06	2.87476E-06
144.042	0	6.21584E-05	0.00218128	1.72665E-05	0.000104345	1.08597E-05
144.079	0	0.000323024	0.00443528	4.78489E-05	7.09053E-05	8.21216E-05
144.094	1.65998E-05	1.0004E-06	0	2.98644E-06	5.77131E-07	1.23529E-06
144.151	4.18509E-06	3.61101E-06	1.82471E-05	3.67148E-06	1.29202E-06	9.77353E-07
145.029	3.18409E-05	0	0.000733082	1.16547E-05	8.82917E-05	4.81933E-07
145.087	7.89705E-06	2.41262E-06	3.12726E-05	2.84318E-06	8.35069E-07	2.07168E-06
146.021	4.74553E-06	8.38511E-07	0	2.95604E-06	1.82528E-06	3.06141E-06
146.037	2.33256E-05	5.04694E-05	0.00200037	2.32822E-05	9.44626E-05	0.000039228
146.073	0	0.000222369	0.00328018	0.000102627	9.88142E-05	6.21052E-05
146.109	6.83628E-05	1.38925E-05	0.000470961	0	8.81851E-07	0
146.131	1.35506E-05	1.46088E-05	0.000117453	7.62328E-06	3.31389E-06	1.84159E-06
147.029	7.68005E-05	4.81523E-05	0.00141967	9.99138E-05	9.74348E-05	0.000125757
147.081	0	0	0.00173955	0.000015821	2.38306E-05	0
148.037	9.20511E-05	0.000044299	0.00214257	2.86851E-05	0.000102206	7.82523E-05
148.074	2.72373E-05	0.000110231	0.00382726	2.26216E-05	7.10652E-05	3.95421E-05
148.11	9.46422E-06	7.30466E-06	8.62234E-05	4.58787E-06	4.20407E-06	2.95481E-07
148.125	0.000313303	0.000045615	0.000730464	0	0	0
149.097	0.0007527	0.000458589	0.00212351	0.000301318	0.000171872	0.0001534
150.019	5.01824E-05	1.48998E-06	0.000393749	4.51245E-05	5.14923E-05	6.97195E-05
150.053	0.000229749	0.000155818	0.0033748	8.09809E-06	5.93392E-05	0.000104052
150.068	0	0	0.000229421	6.55435E-06	2.40978E-05	0
150.105	0.000219394	0.000172504	0.00134186	9.13635E-05	0.000046201	3.51501E-05
151.04	0.000207322	0.000184437	0.00246935	0.00011845	0.00016071	0.000176349
151.076	0.000199317	0.000284145	0.00269828	0.000277214	0.000212589	0.00017312
151.112	0	9.75459E-05	0.00126135	3.58902E-05	3.35081E-05	0
151.149	0.00074726	0.000103572	0.000475906	0	9.73748E-06	4.5022E-07
151.998	2.02156E-06	2.36912E-06	4.16102E-05	5.08013E-06	1.26703E-05	6.01202E-06
152.035	4.99008E-06	2.39424E-08	0.000139559	0	1.27183E-05	1.38503E-06
152.047	4.6662E-06	3.45867E-06	3.30307E-05	2.79415E-06	3.14282E-06	4.65016E-06
152.084	0.000121466	0.000103032	0.00367862	9.6362E-06	8.24207E-06	4.19668E-06
152.156	0.000141173	2.99999E-05	0.000216335	0	0	5.48198E-07
153.019	2.21685E-05	4.02765E-07	0.000395783	2.65098E-06	2.11943E-05	1.14303E-05
153.043	3.13136E-05	0	0.000354656	1.05194E-06	0.000212289	0
153.07	0.000555793	0.000547176	0.00474457	0.000211657	0.000241224	0.000171075
154.001	0.000015049	7.08988E-06	5.95422E-05	8.92048E-06	3.12176E-05	1.25864E-05
154.05	2.65955E-05	0	0.000522848	0	0.000145849	0
154.063	1.18978E-05	8.90622E-06	0	6.41897E-06	1.18207E-06	1.67822E-06
154.078	0.00012007	0.000028824	0.00117033	0	0	0
154.172	0.000103703	2.11193E-05	0.000183169	3.69991E-06	1.98608E-06	4.09938E-06
155.022	1.8456E-06	6.94281E-07	0	3.07819E-06	1.19439E-06	5.2628E-06
155.034	0	0	0.00349456	0	5.02801E-05	0
155.058	0	0	0.000129264	0	4.40865E-05	0
155.071	0	0	0	1.63985E-07	4.33722E-07	1.25911E-06
155.086	0.00106389	0.000839512	0.00343213	0.000290341	0.000151547	0.000131268
155.18	0.000285686	7.64758E-05	0.000244128	1.76743E-05	4.52707E-06	1.09841E-05
156.03	4.02762E-06	2.80668E-06	0	4.18146E-06	6.51142E-06	2.88821E-06
156.042	1.26547E-05	0	0.000650341	1.72012E-06	1.43297E-05	0
156.094	0.000597987	0.000240716	0.00229414	6.68719E-05	2.54653E-05	0.000013605
156.188	3.89771E-05	9.55365E-06	6.98979E-05	3.35232E-06	9.48558E-07	1.70903E-06
157.05	1.81984E-05	1.54397E-06	6.90027E-05	5.53354E-06	6.07306E-06	4.7631E-06
157.102	0.00106459	0.000357006	0.00347767	0.000107645	7.38974E-06	5.14133E-05
157.967	3.22488E-06	4.69419E-07	1.24439E-06	1.82395E-06	9.02243E-07	2.15712E-06
158.037	2.23784E-05	2.86766E-05	0.000378569	1.63546E-05	0.000081541	0.000028449
158.073	6.14974E-05	0.000308535	0.00304982	0	7.57433E-05	6.35274E-06
158.109	0.000191527	6.03965E-06	0.00143708	0	0	0
159.029	2.05938E-05	0	0.000310325	8.89993E-06	9.26566E-05	2.36967E-05
159.066	5.56628E-05	0.000231397	0.00265153	0.000102194	0.000105125	0.000086068
159.102	0	2.03257E-05	0.00156554	0	1.46382E-05	0
159.117	0.00133991	9.62318E-06	0.00149501	0	0	0
160.001	3.56141E-06	2.09791E-06	3.35071E-05	2.37125E-06	5.08125E-06	2.45008E-06
160.037	8.58395E-06	2.41571E-06	3.60621E-05	4.13221E-06	5.19554E-06	1.01231E-06
160.125	0.00014412	6.4754E-06	0.000472716	0	0	0
161.024	1.13313E-06	1.32888E-06	6.49058E-06	2.18972E-07	1.11356E-06	6.66264E-07
161.039	1.27311E-05	0	0.00126262	0	1.90684E-05	0
161.069	3.24612E-05	1.44051E-05	0.00385908	2.81279E-05	1.89618E-05	0.000047311
161.097	0	0.000206734	0.00254573	3.06468E-05	3.70073E-05	0
161.133	0.000869453	0.000239169	0.00128746	0.000080069	4.33855E-06	4.44804E-05
162.032	3.35993E-06	8.74422E-07	4.15262E-05	2.44764E-06	1.71845E-06	2.0222E-06
162.047	3.22679E-05	5.29065E-06	0.000391355	0	1.36346E-06	4.68832E-06
162.068	1.64531E-05	7.76425E-06	0.00062816	9.59201E-06	7.14784E-06	0
162.105	1.73096E-05	2.12121E-05	0.000334321	4.08071E-06	1.63022E-06	0
162.141	0.000239233	6.01071E-05	0.000455016	1.27273E-05	0	1.62667E-07
162.991	0	5.39641E-06	0	1.23719E-05	2.29689E-06	3.41126E-05
163.024	1.33359E-06	6.33379E-07	1.97426E-05	1.48976E-06	2.21792E-06	5.76256E-08
163.061	5.03911E-06	2.94374E-06	0	3.47813E-06	4.46383E-07	2.18539E-06
163.076	1.23744E-05	0	0.00214099	0	0.000012585	0
163.112	0	5.00234E-05	0.00118016	3.07425E-05	4.32522E-05	0
163.149	0.000738969	0.000123875	0.000495197	2.08037E-05	0	8.26905E-06
164.032	5.21042E-06	1.97451E-06	7.55983E-05	1.50842E-06	3.42571E-06	7.382E-07
164.047	9.2712E-06	6.33069E-06	9.54077E-05	2.97462E-06	3.06878E-06	1.66708E-06
164.084	4.63208E-05	5.49997E-06	0.00171584	1.26367E-05	9.57354E-06	0
165.07	0.000708263	0.000554238	0.00565626	8.87038E-05	0.000206711	0.000211754
165.092	0.000134528	0.000149013	0.00165724	2.51805E-05	0	0
165.128	0	1.95976E-05	0.000604329	1.30783E-05	2.40458E-05	0
165.164	0.000342435	2.42554E-05	6.16455E-05	0	8.95379E-07	0
166.014	0.000031879	0	0.000438568	2.59281E-05	2.21392E-05	0.000021794
166.048	0	0	0.000276671	0	4.42965E-05	0
166.078	0.000438085	0.000341607	0.00247985	0.00016076	8.81384E-05	0.000115263
166.172	0.000111397	0.000060533	0.000268035	1.23634E-05	7.06054E-06	3.45463E-06
167.034	0.000444908	0	0.000618766	0	0.000110056	9.98033E-05
167.071	0	0	0.00384932	0	8.72188E-06	0
167.107	0.000142521	0.000191462	0.00310265	2.46776E-05	1.62856E-06	0
168.042	3.45751E-05	7.75151E-05	0.00124664	6.18818E-05	8.62459E-05	9.78657E-05
168.094	0.000326652	0.000237713	0.00209259	0.000118782	5.69668E-05	9.41208E-05
168.188	6.03057E-05	9.91768E-06	0.000104254	8.8366E-06	0	3.52686E-06
168.993	1.78452E-05	0	0	7.2422E-06	0.000012503	2.87968E-05
169.038	3.82494E-06	8.39366E-07	0	6.99228E-07	0.000001348	4.53236E-06
169.05	0	0	0.00364365	0	0.000045544	0
169.087	0	0	7.49035E-05	1.04749E-05	2.38286E-05	0
169.102	0.00060833	0.000263577	0.0032176	0	0	0
169.196	0.000166952	2.03221E-05	0.000184925	5.48231E-06	1.86533E-06	5.68351E-06
170	4.10778E-06	3.38659E-06	4.99737E-05	4.15951E-06	5.02848E-06	3.78124E-06
170.045	6.31938E-05	0	0.00061821	0.000009847	6.60638E-05	1.08786E-05
170.073	0	7.95082E-05	0.00170113	4.15782E-07	3.56166E-05	0
170.109	0.000284684	0.000113773	0.00119382	4.42886E-05	8.80985E-06	2.21181E-05
171.066	2.88442E-05	0	0.00263292	0	3.77837E-05	0
171.081	3.47886E-06	8.73567E-06	0	4.60054E-06	1.78143E-06	1.30456E-06
171.117	0.000596699	0.00013979	0.00222083	0	0	0
172.089	0	1.20731E-05	0.000564252	4.9971E-06	8.10479E-07	0
173.024	1.76079E-05	0	0.000159511	6.58502E-06	1.70293E-05	3.87659E-06
173.069	3.93302E-06	4.12266E-08	3.27027E-06	2.1779E-06	5.49729E-07	1.33679E-06
173.081	4.82259E-06	1.91353E-06	2.57755E-05	3.61604E-06	5.32236E-07	1.32731E-06
173.097	0	1.14956E-05	0.000159083	5.52706E-06	2.85347E-06	3.12025E-06
173.133	0.000576263	0.000130241	0.00109162	5.06352E-05	0	3.19166E-05
174.032	3.39786E-05	0	0.000629893	1.08067E-05	3.09591E-05	1.33437E-05
174.105	1.16561E-05	9.29082E-06	0.000103999	4.60729E-06	2.10063E-06	2.50999E-07
175.024	0	1.78872E-06	1.4199E-06	4.48909E-06	2.73792E-06	2.67229E-06
175.076	5.76371E-05	0	0.000548307	0	0	7.334E-07
175.085	1.42032E-06	2.43373E-07	1.19374E-06	9.40822E-07	2.55326E-07	7.22201E-07
175.087	8.89232E-07	3.24898E-06	0	1.9291E-06	4.9603E-07	1.27114E-06
175.149	0.000502241	0.000088902	0.000684242	3.32755E-05	0	9.22187E-06
175.975	4.42045E-06	2.11302E-06	0	2.6809E-06	0	8.86811E-06
176.08	7.36178E-05	0.000134058	0.00267607	4.55382E-05	1.55319E-05	1.41863E-05
176.156	0.000130472	0.000044927	0.000476093	2.53604E-05	2.51174E-06	9.04647E-06
177.055	8.56999E-06	2.93046E-07	0.00202438	0	0.000012529	0
177.991	7.79672E-06	3.5069E-06	0	7.40094E-06	0	1.46218E-05
178.027	0	0	0.00012134	1.77422E-06	4.16542E-05	1.17764E-06
178.078	0.000597772	0.000360373	0.0028539	0.000135247	6.26699E-05	0.000140346
178.999	0.000013151	8.23512E-06	0	9.87317E-06	0	2.40019E-05
179.086	0.000551009	0.00037215	0.00256554	0.000173881	0.000102053	0.000143415
179.981	7.11913E-06	6.89367E-06	0.000162009	1.51754E-05	1.98741E-05	1.97876E-05
180.094	0.000299811	0.000189606	0.00208134	0.000106514	5.99369E-05	0.00011358
181.087	0	0.000147871	0.00372567	0.000152809	0.000124044	0.000180094
181.102	0.000088495	1.87276E-05	0	0	0	0
185.097	0.000139765	0.000217818	0.00200878	0.00015058	7.47237E-05	0.000103092
187.055	0.000167477	0.000154619	0.0021106	0.000101479	6.18249E-05	0.000108235
188.063	0.000119095	0.000110192	0.00182074	7.18113E-05	4.25512E-05	9.20587E-05
189.015	0	0	0	4.90901E-06	2.65262E-06	3.77561E-06
189.019	0	0	0	0	5.25719E-06	1.13426E-05
189.07	0.000475484	0.000298506	0.00323201	0.00013185	4.15356E-05	0.000146129
189.164	0.000329038	8.92588E-05	0.000836046	5.15724E-05	0	3.81964E-05
190.009	0	1.6809E-06	0.00016886	1.09095E-05	2.50108E-05	2.00821E-05
190.999	4.44777E-06	2.69456E-06	0	0	0	4.80659E-06
191.086	0.00038612	0.000251509	0.00237382	0.000125596	6.50329E-05	0.00013173
191.973	2.68734E-06	4.08116E-07	0	3.48263E-10	0	2.33192E-06
192.079	7.62995E-05	6.64249E-05	0.00157717	2.28881E-05	4.31096E-05	4.89281E-05
192.094	9.21597E-06	4.36656E-06	0	0	0	2.99357E-06
194.073	3.23133E-05	4.93481E-05	0.00119952	3.65882E-05	0.000043055	6.81493E-05
194.094	2.01942E-06	1.22486E-06	0	9.9956E-08	0	1.30877E-06
195.081	3.13422E-05	8.54583E-05	0.00154641	6.35367E-05	8.66124E-05	8.15705E-05
195.102	1.5754E-06	6.48741E-07	0	0	0	1.04301E-06
196.125	8.36003E-05	3.88185E-05	0.000103196	0	0	0
197.097	0	0.000103187	0.0022657	6.01763E-05	7.54435E-05	0.000075568
198.105	9.98196E-05	9.54528E-05	0.00156156	5.24731E-05	2.39852E-05	5.69797E-05
199.112	0.000191885	0.000166543	0.00136872	5.75475E-05	1.07857E-05	4.34215E-05
200.063	0.000133264	8.58532E-05	0.00132093	4.12377E-05	2.29049E-05	6.33674E-05
200.12	3.91691E-05	4.34981E-05	0.000800854	8.8639E-06	0	0
200.156	3.14042E-05	6.31795E-06	2.44601E-05	2.29641E-06	6.32849E-07	2.17134E-06
202.078	0.000363633	0.000220858	0.00210887	6.31596E-05	1.63022E-05	9.13121E-05
202.136	0.00007391	2.62176E-05	0.000282786	0	0	0
202.172	1.73991E-05	2.15197E-06	4.91866E-05	2.40443E-06	0	3.24955E-06
204	1.34063E-07	1.07952E-05	0.000221955	1.14003E-05	1.69166E-05	1.77368E-05
204.094	0.000163147	0.00012157	0.00143093	4.61292E-05	1.83507E-05	5.86246E-05
204.188	6.99578E-05	1.34198E-05	0.000164605	3.16206E-06	0	2.5629E-06
