PMF_m/z	HOA	BBOA	OOA1_BB	OOA2	OOA3_BB-aq
12	0.00199241	0.00445888	0.0103016	0.0131031	0.0045638
13.0078	0.000980732	0.00292966	0.00443942	0.00446173	0.00367017
15.0235	0.00908118	0.0304666	0.0356428	0.0295947	0.0303994
15.9949	0.000127418	0.000429688	0.000821051	0.00144781	0.000856149
17.0027	0.000800953	0.00286462	0.00503291	0.00919798	0.00506387
18.0106	0.00320586	0.0108828	0.0207268	0.0369551	0.0218648
24	0.000273867	0.000626033	0.000929966	0.0010868	0.000714021
25.0078	0.00120426	0.00259175	0.00354193	0.00389708	0.00245678
26.0156	0.00749919	0.0152447	0.0187536	0.0181318	0.0127078
27.0109	0.00241469	0.00120486	0.00324373	0.00475232	0.00501785
27.0235	0.0335116	0.0407771	0.0462817	0.0353232	0.0349848
27.9949	0.0142483	0.0483683	0.0917536	0.161343	0.0941909
29.0027	0.00204545	0.00809655	0	0	0.118281
29.0391	0.0308243	0.0246979	0.0243946	0.0158613	0.0221907
30.0469	5.49282E-10	0.00316498	0.00272342	0.00118009	0.00420093
31.0184	0.00221728	0.0130149	0.0162018	0.0176495	0.0194153
36	5.45606E-05	0.000646711	0.000408245	0.000551688	0.000136557
37.0078	0.00203115	0.00365149	0.00371016	0.00354066	0.00234111
38.0157	0.00428193	0.00661481	0.00650522	0.00596338	0.00419421
39.0235	0.0389384	0.0358803	0.0379971	0.0286332	0.0244178
40.0313	0.00646349	0.00796889	0.0075489	0.00712166	0.00581528
41.0027	2.53288E-11	0.00279763	0.00283409	0.00467088	0.00462551
41.0391	0.0899672	0.0438693	0.0495606	0.0261898	0.0279896
42.0106	0.000578981	0.0161198	0.0189587	0.0244957	0.0224785
42.047	0.018513	0.0100066	0.0105783	0.00552704	0.00578408
43.0184	0.00471421	0.0655098	0.0929583	0.0825719	0.126869
43.0548	0.0764832	0.0186359	0.0190582	0.00582597	0.0061897
43.9898	0.0142483	0.0483683	0.0899335	0.161131	0.0939254
44.0262	5.49526E-10	0.0100852	0.00691317	0.00692768	0.0094446
44.0626	0.0013833	0.000841568	0.000912699	0.000186247	0.0020915
44.9977	0.000620895	0.00615378	0.00861341	0.0157036	0.011634
45.034	0.000913748	0.00821576	0.00598169	0.00573073	0.00842031
46.0419	2.27579E-05	0	0.000014792	0.000287363	0
46.9955	1.37376E-05	0	0.000159982	0.000241908	0.000340832
47.0133	6.83714E-05	0.000647661	0.00147433	0.00179225	0.00280033
48	9.31512E-05	0	0.000832547	0.000760184	0.00180673
49.0078	7.18195E-11	0.001247	0.000836573	0.000871507	0.000434332
50.0157	0.00406811	0.00582884	0.00484233	0.00458913	0.00289135
51.0235	0.00668964	0.00938839	0.00703579	0.00575515	0.00410664
51.9949	2.21E-10	0.000211505	0.000206656	0.000307155	0.000251366
52.0187	1.92133E-09	0.00130186	0.000161069	0.000394546	0.000354761
52.0313	0.00307685	0.00485672	0.00367464	0.00359602	0.00199428
53.0027	1.72124E-10	0.00338679	0.00221887	0.00324157	0.0024685
53.0391	0.012209	0.0110073	0.0111795	0.00775699	0.00692732
54.0106	2.7289E-10	0.00162047	0.00183617	0.00299921	0.00202376
54.0218	0	0.00165576	0.000476992	0.000438074	0.000723674
54.047	0.0111865	0.00719611	0.00576462	0.00344374	0.00179311
55.0184	0.0020166	0.0241325	0.0185684	0.017748	0.0185224
55.0548	0.0758934	0.0221422	0.0233934	0.00923165	0.00852702
55.9898	1.68669E-10	0.000188095	0.000374123	0.000648906	0.0003866
56.0262	1.76952E-09	0.00625928	0.00390426	0.00460415	0.00471015
56.0626	0.0218854	0.0045783	0.0066488	0.00220023	0.00272242
57.034	1.48E-03	0.0139708	0.00878578	0.00866138	0.0104885
57.0704	0.0688205	0.00661059	0.00938079	0.00258167	0.000205082
58.0055	1.99857E-10	0.00114029	0.00133454	0.00252373	0.00160539
58.0419	0.00028963	0.0052018	0.00629106	0.00379834	0.00758133
58.0783	3.67898E-11	0.00142361	0.000884747	6.0832E-06	0.0010795
59.0133	1.99962E-05	0.00172433	0.000890365	0.00147368	0.00119621
59.0497	0.000187782	0.00315058	0.00384625	0.0026114	0.00572668
59.967	3.85766E-05	2.89532E-05	0.000133832	0.000148356	0.000016349
60.0211	0.000616963	0.0106903	0.00499341	4.10E-03	0.00516954
60.0449	0.000148357	0.00081973	0.000219377	0.000121371	0.000713624
60.0575	5.09927E-06	0	7.88751E-07	1.55458E-06	0
61.0078	0.000347203	0.000640592	0.000412316	4.56E-04	0.000208047
61.0289	0.000230278	0.00261132	0.00152096	0.00119325	0.00200273
61.9826	3.47272E-06	0	4.72721E-05	9.28549E-05	1.84638E-05
62.0157	0.000974985	0.00184518	0.00105621	0.00100458	0.000707884
62.0368	6.67684E-12	0.000272806	0.00010531	6.28052E-05	0.000166543
62.9905	0.000275973	0.000107678	0	0.000218112	0
63.0235	0.00264852	0.00473486	0.00244298	0.0021341	0.00133339
64.0313	0.00117134	0.00156524	0.000572253	0.000588725	0.000439124
65.0391	0.00634669	0.00703101	0.00515109	0.00373828	0.00292117
66.0106	3.52077E-05	0.000852171	0.000338257	0.000560409	0.000370741
66.047	0.0026149	0.00310115	0.00240807	0.00196287	0.00142977
67.0184	7.46324E-12	0.00124611	0.000488412	0.00108803	0.000936462
67.0548	0.032339	0.0125834	0.0128668	0.00603285	0.0046162
67.9898	3.14211E-11	0.00021448	0.000211432	0.000471456	0.000271845
68.0262	1.24544E-10	0.00397775	0.00251232	0.00334774	0.0025771
68.0626	0.00866529	0.0044621	0.00346875	0.00162026	0.0010824
68.9977	2.64317E-11	0.00230843	0.00164911	0.00316286	0.00200548
69.034	0.000856746	0.00589794	0.00422818	0.00480419	0.00517385
69.0704	0.0432532	0.00925071	0.0103219	0.00330087	0.00274241
70.0055	4.40012E-10	0.000844786	0.000654777	0.00137448	0.000884109
70.0419	7.39984E-11	0.00415367	0.00290344	2.41E-03	0.00306218
70.0782	0.00959583	0.00198782	0.00244956	0.00044951	0.000622417
71.0133	3.32708E-11	0.0040008	0.00256743	0.00500712	0.00374102
71.0497	0.000947845	0.00530926	0.00555644	0.00333075	0.00700437
71.0861	0.0285605	0.0020096	0.00332287	0.000596445	0
72	1.66633E-10	8.10604E-06	0.000010623	8.38778E-06	0
72.0211	0.000018143	0.00133794	0.000845941	0.00156126	0.0012351
72.0575	6.39E-05	0.00115358	0.00112949	0.000860997	0.00149515
73.0078	2.52497E-10	0.0001177	2.36E-04	0.000163724	0
73.029	7.39681E-10	0.00770198	0.00189465	0.00264567	0.00315579
73.0402	1.46647E-05	0.00140425	0.000947034	0.000700624	0.000751341
73.0653	7.40566E-05	0.000626508	0.000385176	0.000285664	0.000436659
74.0156	0.000767985	0.00133014	0.00063976	0.000745032	0.000479186
74.0368	0.000257499	0.00207312	0.00128255	0.00147165	0.0019586
74.0732	5.19071E-05	4.39516E-05	3.21862E-05	2.83131E-07	0.000143299
75.0235	7.24E-04	0.00153201	0.000613477	0.000687354	0.000503216
75.0446	1.09311E-11	0.000851696	0.000492774	0.000340295	0.000594974
76.016	1.23079E-09	0.000289649	7.12549E-05	0.000737661	0.000488684
76.0313	0.000938457	0.00226053	0.00100328	0.000970348	0.000609178
77.0027	5.58111E-09	0.000169791	0	0.000140284	0.000090183
77.0391	0.00942424	0.00894951	0.00698772	0.00414217	0.00383066
77.9775	0.000427343	9.56826E-06	0.000197134	0.000576743	0
78.047	0.00355834	0.00359041	0.00237072	0.00164983	0.000612816
78.9854	3.47854E-10	0.000684955	0.000689939	1.43E-03	0.000347728
79.0184	5.53098E-11	0.000673402	6.08578E-05	0.00033758	0.000233973
79.0548	0.0165795	0.00829067	0.00889324	0.00427503	0.00391202
80.0262	0.00026947	0.00105067	0.000486529	0.00076616	0.000556809
80.0626	0.0038387	0.00242459	0.001778	0.000951557	0.000707074
81.034	0.000329288	0.00390284	0.00235434	0.00231732	0.00224647
81.0704	0.0257313	0.00661798	0.00766922	0.00232551	0.00272707
82.0055	1.06713E-07	0.000579139	0.000394177	0.000759304	0.00054538
82.0419	0.000278742	0.00269778	1.91E-03	1.97E-03	0.00210909
82.0782	5.93E-03	0.00224846	0.00190246	0.000504474	0.000658824
83.0133	1.29395E-11	1.07E-03	6.85E-04	1.27E-03	9.17E-04
83.0497	6.59E-04	0.00407069	0.00452285	0.0025574	0.00505939
83.0861	0.0214818	0.00333942	3.43E-03	0.000876861	0.000326801
84.0211	3.1385E-11	0.00140404	0.000805345	0.00163269	0.00110957
84.0575	1.37259E-10	0.00365038	0.00201972	0.000842069	0.00145019
84.0939	0.000173497	0.00361594	0.00148457	0.000134066	0.000171349
85.029	5.20327E-11	0.00413241	0.00291247	0.00453059	0.00436401
85.0653	0.000556797	0.00176801	0.00162676	0.000969256	0.00168949
85.1017	0.014168	0.000726785	0.00141622	0.000347575	0
86.0156	0.000291782	0.000552395	0.000114564	0.000326432	0.000184603
86.0368	2.87164E-11	0.00110331	0.000811759	0.00122196	0.001276
86.0732	0.000149521	0.000498885	0.000302223	0.000204037	0.000440469
86.1096	9.66656E-06	0.0005173	0.000110696	0	9.39478E-05
87.0235	0.000155663	0.00103141	4.20E-04	0.00110893	0.000413508
87.0446	0.000220367	0.00198829	0.00105296	0.00119328	0.00163042
87.081	5.06926E-05	0.000196888	0.000146075	6.35013E-05	0.000257624
87.9983	5.17535E-06	0	9.8215E-07	1.0207E-06	0
88.0313	0.00019475	0.000993171	0.000195772	0.00036083	0.000129491
88.0524	8.10632E-05	0.000632521	0.000226617	0.000294112	0.000453415
88.0888	9.71809E-05	3.62063E-05	1.65E-05	6.25E-07	1.28E-04
89.0027	3.78E-06	0	1.64E-06	3.57E-06	0.00E+00
89.0239	6.74966E-11	0	0	0.000766342	0.000226992
89.0391	0.00122741	0.00276345	0.00111874	0.000829147	0.000756547
90.0106	1.05678E-05	9.75131E-06	4.90E-06	6.77E-06	0
90.0317	2.35E-09	1.10368E-05	0	0.000112136	0.000206013
90.047	0.000329334	0.00104872	4.10E-04	0.000353429	0.000320922
91.0548	0.0145414	0.00854123	7.37E-03	0.00350744	0.00307028
92.0262	3.16863E-11	0.000828328	0.000225637	0.000333682	1.96E-04
92.0626	2.42E-03	0.00134918	0.00113012	0.000518275	0.000380773
93.034	1.02761E-11	0.000993593	2.23E-04	0.000443443	0.000302478
93.0704	9.62E-03	0.00364194	3.99E-03	0.0013443	0.0019355
94.0419	1.27988E-10	0.00196023	0.000928879	0.0010172	0.000722536
94.0782	0.00219738	0.00106153	0.000901601	0.00032851	0.000507318
95.0133	2.78055E-11	0.000996389	0.000357392	0.00057782	0.000277103
95.0497	0.000135968	0.00335593	0.00244711	0.0021611	0.00261847
95.0861	0.0174637	0.0032978	0.004048	0.00112132	0.00109747
95.9881	6.69592E-05	0	0	2.54664E-05	0
96	5.54482E-11	0.000413099	0.000375899	0.000531213	0.000279447
96.0324	1.36433E-06	0	9.90662E-07	0	0
96.0575	5.2113E-11	0.00143664	0.000944861	0.000821973	0.00105625
96.0939	0.00205907	0.00112251	0.000758258	0.000159508	0.000165874
97.029	1.52918E-11	0.00218753	0.00130181	0.00198441	0.00185724
97.0653	2.00869E-10	0.00259064	0.00193583	0.00109041	0.00198032
97.1017	0.0140738	0.00110025	0.00166473	0.000472078	0
98.0156	3.37035E-06	0.000358218	0.000175305	0	0.000602714
98.0368	1.75346E-11	0.0014302	0.000861708	0.0014392	0.00114637
98.0732	0.000699803	0.00157632	0.000922634	0.000239421	0.000576857
99.0235	0.000105909	0.000637744	5.22487E-05	0.000662677	0.000162714
99.0446	2.54754E-11	0.00214406	0.00211447	0.00237586	0.00328455
99.081	0.000246471	0.00070558	0.000589397	0.000212227	0.000553241
99.1174	0.00243028	2.06146E-05	0.000213207	4.97163E-05	0
100.031	1.08676E-10	0.000738654	0.000151459	0.000409303	0.000368482
100.052	2.46844E-11	0.00057629	0.000496448	0.000493963	0.000736292
100.089	3.57766E-06	0.000155074	3.88972E-05	9.74019E-06	0.000116092
101.003	3.58626E-05	1.23371E-06	1.96338E-05	1.74295E-05	0
101.024	3.10384E-06	0.001082	0.000528962	0.00162101	0.000938203
101.039	0.000139051	0.000837507	0	0.000109293	0.000284033
101.06	1.28884E-10	0.000707162	0.000568701	0.000373176	0.000848685
101.097	2.22635E-05	0.000039845	1.68478E-05	6.93572E-07	4.85891E-05
102.047	0.000574026	0.00143236	0.000544637	0.000602754	0.00037486
102.068	1.30291E-11	0.00015145	1.85347E-05	0	8.99434E-05
103.018	1.7879E-09	0.000410873	0.000105711	0.000318728	0.000206289
103.055	0.00151719	0.00227082	0.00114576	0.000887872	0.000703057
104.026	2.42853E-11	0.000731638	0.000356106	0.000442397	0.000189792
104.063	0.00151591	0.00130049	0.00069023	0.00038951	0.000162625
105.034	9.88968E-12	0.00157136	0.000582341	0.000660918	0.00055474
105.07	0.00788017	0.00314219	0.00270336	0.00100241	0.000971403
106.042	3.00251E-11	0.00108976	0.000415087	0.00029396	0.000186896
106.078	0.00154453	0.00073781	0.000564798	0.000251221	0.000285963
107.05	1.89562E-11	0.002374	0.000896105	0.000899611	0.000706384
107.086	0.00522084	0.0019299	0.00193338	0.000492219	0.00107483
108.021	3.34709E-11	0.000484142	9.97474E-05	0.000242591	0.000164933
108.058	0.000166819	0.00110843	0.000625953	0.000634498	0.000607972
108.094	0.00115289	0.000470485	0.000516149	7.74031E-05	0.00030808
109.008	3.96446E-11	4.12671E-06	1.42136E-05	4.08575E-09	8.30878E-06
109.029	4.6379E-12	0.0010091	0.000336466	0.000641065	0.000378998
109.065	0.000114035	0.00176653	0.00138311	0.000970318	0.00154049
109.102	0.00830083	0.00138157	0.00175719	0.000380244	0.000554465
110.016	3.74657E-05	8.45999E-05	2.47818E-05	7.18066E-05	0.00010071
110.037	2.29731E-11	0.00110621	0.000442549	0.000705478	0.000549776
110.073	9.81046E-05	0.000740447	0.000434176	0.000291079	0.000484202
110.11	0.000947531	0.000220931	0.000226035	1.68942E-05	7.61133E-05
111.023	3.09767E-05	0.000241604	3.72531E-05	0.000253981	6.62375E-05
111.045	2.22914E-11	0.00165987	0.00114746	0.00147033	0.00163542
111.081	0.000335325	0.00108453	0.000902519	0.000349319	0.000872784
111.117	0.00458764	0.000157785	0.00044307	0.00012371	0
112.031	5.98304E-06	0.00040199	4.88825E-05	0.00019157	0.000203738
112.052	1.92179E-11	0.000651933	0.000403729	0.000529559	0.00056922
112.089	7.66589E-05	0.000354694	0.000210085	3.33394E-05	0.000162523
112.125	0.000451494	3.27702E-05	0.000108327	2.77717E-05	2.45144E-05
113.003	0	0.000189561	0.000126697	0.000321897	0.000181052
113.039	9.10467E-05	0.00109619	0.000319061	0.000780416	0.000466533
113.06	3.10116E-11	0.000751683	0.000521477	0.000477022	0.000786249
113.097	0.000100218	0.000309034	0.000196736	6.80453E-05	0.000241627
113.133	0.00117041	0	7.79704E-05	0.000040354	0
114.047	4.75993E-05	0.00053504	0	5.20763E-05	1.39101E-05
114.068	4.24563E-11	0.000322786	0.000178428	0.000168335	0.000322887
114.104	9.78696E-06	3.56092E-05	7.92012E-06	2.52298E-06	1.49344E-05
114.141	6.0875E-06	4.00017E-06	5.64599E-06	3.65153E-06	0
115.055	0.00349727	0.00405708	0.00202017	0.0015288	0.000976471
115.112	9.84768E-05	0.000243229	9.21088E-05	1.05504E-05	9.31066E-05
116.063	0.00123811	0.0013947	0.000715595	0.000372372	0.000365466
117.034	0	0	0	0.00012865	0.000290825
117.07	0.00382032	0.00211785	0.00138542	0.000676403	0.000363207
118.027	0	3.33916E-05	3.49769E-06	6.73825E-05	2.36249E-06
118.042	0	0.000742768	8.07855E-05	0.000132111	0.000200945
118.063	0.00014531	0.000530715	9.46177E-05	8.6632E-06	3.54813E-05
118.078	0.00127813	0.000555454	0.000352448	0.0001171	0.000235059
119.034	0.000214876	0.000905554	0.000366577	0.00031483	0.000317268
119.071	0	0.00113465	0.000149936	0.000250584	0.000138677
119.086	0.00491151	0.000956141	0.00105217	0.000221297	0.000477514
120.021	5.61159E-05	0.000340842	6.15314E-05	0.000169761	0.000120283
120.058	0.000247414	0.0010379	0.000344641	0.000326493	0.000241903
120.094	0.00138399	0.000553819	0.000413296	0.000115895	0.000169784
121.029	9.38748E-05	0.000939366	0.000203334	0.000407968	0.000202083
121.065	0.000198799	0.00137318	0.000636301	0.000535581	0.000570548
121.102	0.00324006	0.00119193	0.000972323	0.000187324	0.000366397
122.037	4.06369E-05	0.000908139	0.000245568	0.000426532	0.000243368
122.073	0.00013605	0.000764079	0.000376772	0.00028075	0.000403355
122.11	0.000822498	0.000322738	0.000266632	3.11675E-05	0.00014745
123.029	1.61642E-05	2.17592E-05	0	3.19167E-05	6.48378E-05
123.045	0	0.00126473	0.000277516	0.000498073	0.000331489
123.081	6.21082E-05	0.00104914	0.000659783	0.000355734	0.000765184
123.117	0.00359115	0.000405772	0.000641643	0.000131354	0.000237628
124.016	0	0.000226048	5.17849E-05	0.000166287	0.000114589
124.052	0	0.000843362	0.000261198	0.000425562	0.00034359
124.089	8.22777E-05	0.000410667	0.00024491	8.04273E-05	0.0003273
124.125	0.000683121	0.000143864	0.000158865	4.43837E-06	6.42138E-05
125.024	0	0.000592537	0.000147693	0.00047408	0.000223854
125.06	0	0.00101322	0.000547883	0.000659113	0.000675235
125.097	0.000144809	0.00055097	0.000376894	0.000116325	0.000332851
125.133	0.00135898	8.71425E-05	0.0001451	4.34313E-05	0
126.047	0.000191923	0.000886722	0.000122539	0.00023663	0.000165326
126.068	0	0.000426951	0.000179898	0.000131662	0.000295772
126.104	2.03254E-05	0.000158244	0.000097938	1.25569E-05	0.000149829
126.141	0.000316096	2.01609E-05	0.000039061	9.52785E-06	9.72196E-06
127.055	0.000796149	0.00149899	0.000488902	0.000538917	0.000421679
127.076	0	0.000360212	0.000167039	0.000109949	0.000405131
127.112	0.000532681	0.000176326	0.000164391	4.46294E-05	8.54494E-05
128.063	0.00227102	0.00184139	0.000882741	0.000606364	0.000259589
129.019	0.000279265	0.000373062	0.000147131	0.000369142	0.000284515
129.07	0.00292236	0.00204579	0.00111239	0.000656793	0.000386789
130.027	4.74376E-05	0.000228237	0.00004754	0.000134346	9.43185E-05
130.063	0.000127557	0.00066607	0.000110578	0.000140058	0.000108936
130.078	0.00106079	0.000609997	0.000313566	7.49021E-05	0.000111189
130.98	2.13747E-05	2.64508E-06	1.37639E-05	8.4442E-06	0
131.034	4.95199E-06	0	1.0674E-06	1.90827E-05	0
131.071	0	0.000103416	0	8.46255E-06	0
131.086	0.00267888	0.0010609	0.000676974	0.000209573	0.00037536
132.021	1.93052E-05	5.44693E-07	5.11465E-06	3.08733E-05	0
132.025	3.6015E-06	9.19691E-07	1.42605E-06	3.6676E-07	1.74691E-08
132.094	0.000787901	0.000395876	0.000261963	3.87569E-05	0.000135981
133.05	0	0.000234451	2.33751E-05	0.000203294	4.51622E-05
133.065	0.000178359	0.00123561	0	0	0.000490011
133.089	9.56256E-05	7.28842E-05	4.97152E-06	7.9807E-06	0
133.102	0.00232721	0.000787131	0.000402121	6.25671E-05	0.000331455
134.016	2.09245E-06	0	5.83611E-06	3.47195E-06	0
134.058	0	0.000546328	3.39252E-06	0.000116098	0.00013896
134.073	0.000177975	0.000343269	0.000124714	0	0.000214373
134.109	0.000738786	0.00032756	0.000204451	4.60627E-05	9.01106E-05
135.029	1.92389E-05	0	0.000030657	3.15209E-05	1.22039E-05
135.081	0.000108665	0.000814033	0.000432186	0.000251676	0.000382842
135.117	0.00200939	0.000538838	0.000450387	5.87648E-05	0.000171011
136.052	0	0.000721194	0.000125815	0.000258228	0.000172709
136.089	7.27862E-05	0.000379982	0.000177816	7.57075E-05	0.000200893
136.125	0.000439989	0.00015471	0.000117746	0	5.76495E-05
137.024	0	0.000477902	0.000025636	0.000185959	0.000152671
137.06	6.19092E-05	0.00133778	0.000273076	0.000390147	0.000263175
137.097	1.68331E-05	0.000518994	0.000334139	7.06979E-05	0.000349986
137.133	0.00146124	0.000131653	0.000226587	4.10577E-05	5.38192E-05
137.999	3.05824E-06	0	3.2996E-07	5.4374E-06	1.56984E-06
138.047	0	0.000283719	0	0	3.66776E-05
138.068	0	0.000299091	1.50047E-05	2.40437E-05	0.000244454
138.105	4.15687E-05	0.000242221	0.000100713	1.79482E-05	0.00013453
139.076	0	0.000106586	2.04895E-05	0	0.000490546
139.112	2.71704E-05	0.000279494	0.000152019	2.90578E-05	0.000156993
139.149	0.000365374	1.96941E-05	1.91118E-05	0	1.05968E-05
140.011	0	4.52492E-05	7.24902E-06	6.07304E-05	5.76529E-05
140.047	0	0.000477875	3.26547E-05	0.000188552	0.000117686
140.084	7.04084E-06	5.36623E-05	0	0	0.000122158
140.982	1.24184E-05	2.83814E-05	0.000012841	1.70473E-05	1.93067E-05
141.019	9.4133E-06	7.78533E-05	1.6511E-15	8.61103E-05	0.000191998
141.07	0.00142413	0.00124294	0.000466675	0.000453969	0.000222458
141.092	2.36699E-05	0.00052516	0.000179025	0	0.000148688
142.063	0	0.000493368	0.00003695	0.000184776	0.000120462
142.078	0.000726815	0.000369622	6.34663E-06	0	3.02857E-05
142.099	0	0.00020814	0	0	0.000115356
142.172	1.80593E-05	4.15013E-06	2.70903E-06	0	5.18764E-06
143.034	0	0.000259739	5.93531E-09	0.000112227	0.000182207
143.071	0	0.000711118	9.68802E-05	0.000149031	8.16088E-05
143.107	3.18306E-06	3.53592E-05	7.91522E-06	0	8.70457E-06
144.042	0	0.000455388	2.11814E-05	9.46021E-05	0.000133987
144.079	0.000201951	0.000746672	0.000143564	9.02781E-05	0.000119378
144.151	4.16327E-06	2.71012E-06	1.0237E-06	1.40023E-06	5.1411E-07
145.014	3.29299E-06	2.75738E-06	9.34558E-07	4.83483E-06	5.26849E-06
145.029	0	0.000243725	0	8.03667E-05	8.16553E-05
145.087	1.16483E-05	1.17226E-05	4.58607E-06	3.85097E-07	7.1552E-06
146.021	6.44743E-06	7.35014E-06	2.60555E-06	3.53095E-06	4.32591E-06
146.037	0	0.000387489	0.000047837	9.65192E-05	0.000129115
146.073	0	0.000703892	0.000128603	9.26077E-05	0.000140155
146.094	0.000024746	1.37107E-05	4.88289E-06	3.24127E-06	0
146.109	6.85739E-05	0.000184524	0	0	4.18559E-05
146.131	1.01733E-05	1.15912E-05	3.38043E-06	3.13783E-06	6.38104E-06
147.029	9.01056E-05	0.000412497	7.63111E-05	0.000186201	8.89074E-05
147.066	2.58977E-05	0.000957776	0.000155084	0.000146654	0.000196635
147.117	0.0012829	0.000502356	0.000310764	6.41459E-05	0.000122515
148.016	3.77809E-05	0	0	2.44259E-05	2.90463E-05
148.037	8.23708E-06	0.000497166	4.58041E-05	0.000132461	8.66889E-05
148.089	1.09257E-05	0	5.48418E-06	2.48718E-06	2.86032E-06
148.11	1.32048E-05	2.94459E-05	3.54728E-06	0	0.000016721
149.045	0	0.000800635	0.000126637	0.000122199	0.000419076
149.097	0.000703677	0.000650878	0.000351223	0.00016747	0.000243368
150.053	0.000170495	0.000649507	8.07167E-05	0.000147162	0.00011554
150.105	0.000207047	0.000245761	0.000120515	0.000029942	0.000125771
151.003	0	0	6.35153E-06	2.77505E-05	0
151.04	0.000150254	0.000877385	0.000105884	0.000246868	7.35913E-05
151.076	0.000163364	0.000868471	0.00026031	0.000196666	0.000262692
151.149	0.000592825	7.28157E-05	5.82815E-05	1.07335E-05	3.44383E-05
152.047	9.93516E-06	7.39709E-06	6.6684E-06	4.76764E-06	1.29481E-06
152.063	0.000654469	0.0012384	4.20797E-05	0.000117473	0
152.084	0	0.0004253	8.65413E-05	0	0.00020703
153.019	0	6.64277E-05	0	2.20068E-05	8.36515E-05
153.07	0.000702362	0.0010935	0.000250237	0.00024975	0.000165907
153.164	0.000194366	4.12307E-05	2.69403E-06	1.18159E-05	8.97969E-06
154.063	2.06907E-05	8.61824E-06	6.89924E-06	3.93181E-06	0
154.078	0.000135945	0.000382752	0	0	5.41881E-05
154.099	0.000014175	0.00017419	1.02876E-05	0	0.00011793
155.034	0	0.000363493	1.79362E-06	2.66221E-05	0.00020241
155.086	0.00113871	0.000934408	0.000390151	0.000110532	0.000262864
156.042	0	8.91259E-05	7.43272E-06	0	3.59208E-05
156.079	8.17868E-06	2.19491E-06	0	4.67361E-06	0
156.094	0.000463988	0.000398097	0.000123891	2.01489E-05	9.63767E-05
156.977	1.63946E-06	6.44337E-07	5.96638E-07	5.67658E-07	3.21457E-06
157.014	0	1.68076E-05	0	2.53268E-06	2.26337E-05
157.05	6.6324E-06	1.09461E-05	5.40795E-06	9.04449E-06	8.09003E-06
157.087	0.000002731	4.30997E-07	3.63423E-06	0	6.50912E-06
157.102	0.00101727	0.00057091	0.000214891	2.34856E-05	0.000113684
157.967	2.80836E-06	1.41021E-06	1.66029E-06	2.7843E-06	3.27697E-06
158.037	0	0.000166647	0.000017304	6.90099E-05	6.63117E-05
158.073	0.000101239	0.000651353	2.57799E-05	9.26304E-05	7.80163E-05
158.094	2.34571E-05	1.25903E-05	1.09436E-05	1.34548E-06	0
158.109	0.000103735	0.000256242	0	0	5.04026E-05
159.029	0	0.000104545	0	6.38001E-05	5.19885E-05
159.066	6.80294E-05	0.000663011	0.00011975	0.00011781	0.00015716
159.117	0.000834608	0.000369844	7.03012E-05	4.58564E-06	8.48892E-05
160.001	0	1.89028E-05	0	0.000006247	7.80681E-06
160.037	9.22671E-06	0.000014042	1.51549E-07	7.06994E-06	5.46363E-06
160.052	0	0.000440544	4.23093E-05	0.000056599	0.000110927
160.089	9.53149E-06	0.000433718	0.000051595	1.68183E-05	8.23948E-05
160.11	0.000013021	7.9747E-06	2.97232E-06	0	5.62997E-06
161.009	0	1.80478E-06	1.12952E-05	1.98168E-05	5.82149E-06
161.097	0.000300333	0.000412677	0.000163687	0.000013878	0.000152614
162.016	5.28354E-06	9.40896E-06	0.000007345	1.69124E-05	1.90016E-05
162.032	4.28786E-06	1.56086E-05	0	1.78345E-06	5.76202E-06
162.047	2.50822E-05	0.000177144	0	0	7.49652E-05
162.068	0	0.000120538	0	6.56125E-06	8.39583E-06
162.105	0.000059778	8.80656E-05	0	0	2.14529E-05
162.141	0.000186107	7.95887E-05	3.73021E-05	0	2.54573E-05
163.04	1.24603E-05	1.55406E-05	0	6.3832E-06	2.31232E-06
163.055	1.54023E-05	6.25084E-06	1.76637E-06	2.06661E-06	3.0465E-06
163.061	5.30227E-06	3.58329E-06	8.92921E-07	1.96757E-06	0
163.112	0	0.000199811	7.34179E-05	3.24218E-06	0.000175501
163.149	0.000612764	9.93277E-05	8.56182E-05	0.000012322	1.72571E-05
164.063	3.02113E-05	7.61969E-05	6.68064E-06	1.32281E-06	1.04411E-05
164.084	1.43134E-05	0.000225178	0	5.37977E-06	0.000124111
164.156	0.000093691	0.000034348	6.68156E-06	0	9.94158E-06
165.019	0	0.000169537	4.75721E-05	0.000119727	8.19208E-05
165.07	0.00085058	0.00140251	0.000188531	0.000284542	8.81093E-05
165.092	1.79034E-05	0.00031173	0	0	0.000165346
165.128	0	0.000109208	1.91379E-05	0	4.16749E-05
166.048	0	0.00014379	0	2.18066E-05	5.37485E-05
166.078	0.000463697	0.000689966	0.000175948	0.000120367	9.40082E-05
166.172	8.82199E-05	4.98954E-05	0.000030357	0	2.02238E-05
167.071	0	0.000626191	0	0	0.00025178
167.086	2.98309E-05	2.09817E-05	0	5.29211E-06	0
167.107	0.000103605	0.000303733	0.000135754	0	0.000132939
168.042	4.01192E-05	0.000448715	4.29905E-05	0.000120085	3.33644E-05
168.094	0.000345737	0.000597865	0.000138853	7.37934E-05	6.43844E-05
168.993	6.01631E-06	2.73497E-06	1.17746E-05	2.25089E-05	5.83666E-06
169.05	0	0.00048986	0	3.98231E-05	0.000140213
169.087	0	0.000168087	0	2.86256E-07	6.33243E-05
169.102	0.000496095	0.000478102	0.000129288	0	7.27415E-05
170	1.08453E-05	1.49282E-05	2.79368E-07	1.27705E-05	1.56584E-05
170.073	9.93167E-06	0.00036594	1.61268E-05	7.73622E-06	5.23091E-05
170.109	0.000255533	0.000237358	6.58007E-05	1.61889E-05	6.55256E-05
171.029	9.09118E-07	0.000146644	5.72299E-06	6.30357E-05	5.48207E-05
171.066	0	0.000437733	0	0.000027523	6.50171E-05
171.102	4.99911E-06	8.10868E-06	0	4.25865E-06	9.78816E-06
171.117	0.000441001	0.000418611	5.65334E-05	0	7.74509E-05
172.074	2.41108E-06	0	1.82791E-06	1.06816E-06	0
172.089	4.92384E-06	0.000170345	7.06242E-07	0	1.00909E-05
172.125	0.000180418	0.00016152	4.55255E-05	6.48315E-06	1.82517E-05
173.045	1.31734E-05	2.04141E-05	5.00137E-06	0	1.09991E-05
173.06	2.90666E-06	9.76766E-06	1.92159E-06	0	2.27216E-06
173.133	0.000531914	0.000252001	8.56917E-05	0.000019198	1.91343E-05
174.032	6.13159E-06	0.000122147	0	6.18603E-05	0.000067327
174.053	7.55491E-06	7.98314E-06	2.47206E-06	8.08368E-07	0
174.068	2.07175E-06	3.87584E-06	0	1.08606E-06	2.73535E-06
174.089	6.40614E-06	4.5504E-06	1.10134E-06	1.60918E-06	1.20303E-07
174.105	1.18123E-05	2.96896E-05	0	3.62726E-07	1.46371E-05
174.141	0.000105197	8.03114E-05	5.9079E-06	0	1.25221E-05
175.04	3.19365E-05	0.000308733	4.61699E-06	0	0.000153883
175.076	2.01847E-05	0.000217323	0	0	6.24641E-05
175.149	0.00038643	0.000193248	5.65594E-05	0	0.000053402
175.975	3.99482E-06	0	6.85179E-06	7.3073E-06	0
176.047	0	0.000181839	0	5.84417E-15	3.56054E-05
176.063	1.34572E-05	1.43901E-06	3.62627E-07	4.62993E-06	0
176.156	0.000110956	0.000089685	3.04044E-05	2.47035E-06	2.36559E-05
177.019	0	2.88409E-05	2.99972E-05	6.09988E-05	2.82774E-05
177.055	0	0.000404838	0	0	7.51393E-05
177.07	1.81407E-06	0	4.19144E-07	1.85534E-06	0
177.092	0.000168541	0.000440017	0.000125217	0.000045864	0.000166545
177.991	0.000010793	0	0.000012095	7.76503E-06	0
178.027	0	4.86415E-05	0	2.44654E-05	5.36278E-05
178.078	0.000646244	0.000818728	0.000184291	0.000124938	4.74014E-05
179.034	0	0.000187124	0	8.00118E-05	4.82185E-05
179.086	0.00058061	0.000782858	0.000217034	0.000153047	0.000085889
180.094	0.00030117	0.000583781	0.000121145	9.49479E-05	4.74169E-05
181.087	9.69005E-05	0.00113654	0.000125293	0.000195984	4.42331E-05
185.097	0.000157687	0.000608098	0.000141317	9.79555E-05	7.82801E-05
187.055	0.000150626	0.000617699	0.000109869	9.71365E-05	6.80544E-05
187.149	0.000333534	0.000288156	9.76196E-05	2.18612E-05	2.99857E-05
188.063	0.000102402	0.000504377	7.61488E-05	8.68049E-05	0.000047953
189.019	0	2.16638E-06	2.56789E-06	1.14285E-05	0
189.07	0.000530529	0.000861455	0.000165891	0.000116718	3.58191E-05
189.164	0.000295226	0.000211932	8.19627E-05	1.77951E-05	2.08788E-05
190.009	0	6.98722E-05	0	4.08833E-05	1.43063E-05
190.078	0.000247251	0.00056363	8.52064E-05	7.08557E-05	4.95769E-05
190.172	8.03524E-05	7.71042E-05	2.50406E-05	0	1.52814E-05
190.999	6.96057E-07	0	6.73407E-07	2.94567E-07	0
191.002	8.09003E-05	6.47397E-05	8.93641E-05	0.000121403	0
191.086	0.000417734	0.000681104	0.00015058	0.000120173	5.71513E-05
191.973	8.29757E-07	0	7.43639E-07	2.70255E-07	0
192	1.80314E-05	4.40597E-05	0.000022974	3.69384E-05	2.14856E-05
192.079	7.41054E-05	0.000447249	1.77923E-05	6.93906E-05	3.20715E-05
192.115	6.74094E-05	0.000139143	8.49141E-06	0	0.000032818
194.073	2.28196E-05	0.000391598	3.43722E-05	7.90062E-05	2.66881E-05
194.094	1.86293E-06	8.9569E-07	2.63096E-07	1.72915E-07	0
194.109	0.000118228	0.000212027	8.54606E-06	0	1.13167E-05
195.081	2.40224E-05	0.000549071	4.12699E-05	0.000107882	3.17302E-05
195.102	1.6782E-06	0	5.94403E-07	4.78251E-08	0
195.117	0.000244994	0.000240301	4.14659E-05	0	3.59708E-05
196.089	6.23501E-05	0.00046607	0.000047664	5.81414E-05	2.11926E-05
196.125	7.43311E-05	2.23258E-05	5.30891E-06	0	6.51843E-06
196.219	2.37688E-05	9.79614E-06	3.32088E-06	2.29684E-06	0
197.097	0	0.000633629	5.48311E-05	8.64637E-05	3.57484E-05
198.105	9.54592E-05	0.0004326	4.26874E-05	4.52391E-05	2.85998E-05
198.141	1.39865E-05	0	2.00211E-06	0	0
199.055	4.01937E-05	0.00033974	0.0000365	7.25043E-05	2.29664E-05
199.112	0.000225683	0.000366162	8.34782E-05	2.62565E-05	3.58433E-05
200.063	0.000130675	0.000399167	4.51122E-05	5.43225E-05	1.72281E-05
200.12	0.000024639	0.00019107	1.36803E-05	0	2.04203E-05
202.078	0.000458369	0.000607835	0.000096545	7.50735E-05	6.56376E-06
202.136	0.000016597	0.000071365	4.12959E-06	0	6.89008E-06
202.172	1.45391E-05	9.33247E-06	0	2.90047E-06	2.58382E-06
204	0	7.29897E-05	7.80608E-06	2.71954E-05	1.83827E-05
204.094	0.000176417	0.0003998	5.94617E-05	4.49222E-05	1.65595E-05
204.188	4.20852E-05	3.61156E-05	5.81024E-06	0	6.25986E-06
