PMF_m/z	HOA	COA	BBOA	OOA1	OOA2
12	0.00144955	0.00772371	0.00636504	0.0160879	0.00929752
13.0078	0.000796627	0.00326356	0.00397895	0.00452112	0.00447493
14.0156	0.00350293	3.35936E-11	0.0165429	0.0265693	0.0105081
15.0235	0.00505521	0.0249562	0.0355385	0.0248112	0.0263727
16.0313	0.000863578	7.92888E-11	0	0.00479766	0.0201892
25.0078	0.000961436	0.00311317	0.00356059	0.00427109	0.00377891
26.0031	9.09221E-05	0.000960094	0.000380007	0.00170896	0.000745092
26.0156	0.0066822	0.0173423	0.0185798	0.0195539	0.0178632
27.0109	0.000455016	0.00452222	0.00342921	0.00895162	0.0069012
27.0235	0.0306755	0.0499668	0.0377597	0.0329619	0.0285531
27.9949	0.0105652	0.0307557	0.043185	0.180022	0.148227
29.0027	0.00640085	0.0266606	0.0753776	0	0.0972506
29.0391	0.0299813	0.0291289	0.0190795	0.0141714	0.0143926
30.0344	0.00292169	8.95096E-10	0.00690438	0.00233761	0.00965663
30.0469	0.000292169	2.44148E-10	0.00100595	0.000569092	0.00132934
31.0184	0.00119776	0.0110901	0.0170935	0.0111975	0.020554
31.0422	0.000142834	0.000711548	0.000799605	6.49743E-05	0.00154396
32.0262	0.000361609	2.8304E-11	0.00368665	6.68469E-05	0.00481355
37.0078	0.00139872	0.00451973	0.00427077	0.00396528	0.00319342
38.0157	0.00278157	0.0081056	0.00781529	0.00656607	0.00526098
39.0235	0.0390705	0.0301599	0.0385466	0.0313367	0.022449
40.0313	0.0051943	0.0116434	0.00856375	0.00788418	0.00640393
41.0027	0.000435449	5.56269E-11	0.00254134	0.00486277	0.00385246
41.0391	0.0952143	0.0636019	0.0364164	0.027397	0.0181957
42.0106	0.00138547	0.0118236	0.0128201	0.0193729	0.018038
42.0344	3.27092E-05	0.00403779	0.00493865	0.00166506	0.00534428
42.047	0.0162832	0.0111631	0.00801838	0.00520195	0.00340081
43.0184	0.00558758	0.0598486	0.0335974	0.0552628	0.0652752
43.0548	0.0827997	0.0304231	0.0153177	0.0087353	0.00380675
43.9898	0.0105652	0.0307557	0.043185	0.180022	0.148227
44.0262	0.000959998	0.0028	0.00779757	0.00736743	0.00978906
44.0626	0.00102063	0.00110614	0.000668628	0.000294633	0.0021597
44.9977	0.000326902	0.00354883	0.00274691	0.00796547	0.0105593
45.0215	4.10353E-05	0.000228518	0	0.0016054	0.00104388
45.034	0.000634899	0.00468306	0.0069742	0.00337904	0.00704569
46.0419	2.80919E-05	0.00053698	0	0.000228255	0.00163198
46.9955	6.37569E-05	1.71113E-10	6.05254E-05	0.000322026	0.001154
47.0133	9.47676E-05	0.000541525	0.0021576	0.000713344	0.00427056
47.0371	6.17956E-06	7.63179E-05	9.96993E-05	5.69198E-05	0.000105402
49.0078	2.96E-04	4.50985E-11	0.00118095	0.000937435	0.000596192
49.0289	3.50832E-06	5.01885E-05	2.31674E-05	5.87196E-05	6.94219E-05
50.0157	0.00221958	0.00834052	0.0074475	0.00527023	0.00393827
51.0109	0	0.000526532	0	0.000482403	0
51.0235	0.00388302	0.0123778	0.0113953	0.00656749	0.00463781
52.0061	5.01188E-05	0.000280148	0.000295201	0.000362836	0.000257839
52.0187	0	0.000798736	0.000331827	0.000672209	0.000397636
52.0313	0.00180976	0.00618338	0.00632191	0.00397574	0.00287139
53.0027	0.00028591	0.00119594	0.00357087	0.00304431	0.00331792
53.0266	0	0.000306402	1.98427E-05	0.000744943	2.58673E-05
53.0391	0.011035	0.0139954	0.00976436	0.00724584	0.00548927
54.0106	0.000236231	0.00163437	0.00242685	0.00268308	0.00373129
54.0344	0	0.0012061	0.000628399	0.000785873	0.000889591
54.047	1.04E-02	0.00974136	0.00580939	0.00337578	0.00180681
55.0184	0.00173116	0.0233192	0.0150153	0.0133444	0.0135797
55.0548	0.0812287	0.0346005	0.0176547	0.0114901	0.00581904
56.0262	0.000281823	0.00557479	0.00526273	0.00341283	0.00408457
56.05	0	3.8182E-11	0.00120852	0.000351328	0.00175698
56.0626	0.0216983	0.00825978	0.00471405	0.00280672	0.00102026
57.034	0.000635926	0.0106356	0.0129087	0.00619721	0.00946844
57.0704	0.0757607	0.00878302	0.00711007	0.00466788	0.000858995
58.0055	8.88581E-05	1.84859E-10	0.00121526	1.29E-03	0.00253679
58.0293	5.13105E-05	2.03649E-10	0.00016166	0.000464561	0.000380544
58.0419	0.000556191	0.00371132	0.00143182	0.00237975	0.00242215
58.0657	0.000022319	1.21608E-09	0.00182903	0.00E+00	0.00275202
58.0783	0.000841552	9.79216E-06	1.13042E-05	0	0.000261426
59.0133	2.41278E-05	0.000395917	0.00130056	0.00130644	0.00154898
59.0245	0.000015185	0.000272278	0.000308741	0.000224635	0.000312831
59.0371	1.35092E-05	0.000233599	0.000113027	0.000358072	0.000227032
59.0497	0.000347757	0.00244074	0.000907627	0.00130793	0.00175607
59.0735	9.09991E-05	0.00018122	0.000145935	4.18633E-05	0.000372033
59.967	1.56758E-05	0.000149709	5.96865E-05	9.36657E-05	5.21506E-05
60.0211	0.000507811	0.00640989	0.0168335	0.0036232	0.00702037
60.0449	8.63167E-05	0.000793276	0.00145025	0.000406099	0.000922749
61.0078	0.000176494	0.000625978	0.000681234	0.000521262	0.000350501
61.0289	0.000118981	0.00117996	0.00232655	0.00106037	0.00186268
62.0157	0.000495643	0.00240795	0.00214755	0.00125526	0.000902784
62.0368	4.23764E-05	1.10393E-11	0.000275152	0.000158935	0.000172211
63.0046	0.000115089	0.00167575	0.000089033	0.000806444	0.00407382
63.0235	0.00114688	0.00603982	0.00449773	0.00193976	2.28258E-05
63.032	0.000218657	0.000828352	0.0010429	0.000502988	0.00120786
64.0313	0.000287086	0.00437996	0.00176157	0.000815139	0.000722303
65.0027	2.93036E-05	0.000214559	0.00012403	0.000325349	0.000221114
65.0391	0.00408721	0.0103474	0.00763677	0.00419679	0.00269977
66.0106	2.15191E-05	0.0017952	0.000796687	5.08E-04	0.000499752
66.047	0.00191486	0.0048292	0.00327952	0.00213204	0.00141314
67.0184	0	0.00124961	0.00139933	0.00114626	0.000884094
67.0548	0.0311489	0.0233072	0.0101313	0.00657208	0.00319001
67.9898	3.96696E-05	1.89053E-10	0.000155056	0.000677638	0.000459279
68.0262	0.000259063	0.00238735	0.00427526	0.00289275	0.00357203
68.0626	0.00837752	0.00575539	0.00344256	0.00201243	0.000978836
68.9977	1.70E-04	0.000967022	0.00175105	0.00225802	0.00232961
69.034	0	0.00477035	4.78E-03	0.0035436	0.00412908
69.0704	0.0473356	0.013807	0.00721758	0.00447644	0.00147202
70.0419	0.000209723	0.00327594	0.00283895	0.00192958	0.00213397
70.0782	0.0112014	0.0034522	0.00274538	0.00119786	0.000612942
71.0133	0.000168593	0.00128961	0.00216598	0.00255704	0.00313776
71.0497	0.000146161	0.00500343	0.0020782	0.00250148	0.00291711
71.0861	0.0317408	0.00272176	0.00250873	0.00158511	0.000113079
72.0211	3.94E-05	0.000431927	0.000971698	0.000767564	0.00137536
72.0449	8.70149E-05	3.33636E-05	0.000206674	0.000292513	0.000337288
72.0575	0.000082389	0.000576675	0.00029747	0.000400592	0.00058732
72.0939	0.000117446	6.62957E-05	0.000152634	0	0.000177687
73.029	0.000159187	0.00411178	0.00645353	0.00197172	0.0031882
73.0402	0.000178569	2.99917E-05	0.00192437	0.000374062	0.00109824
73.0653	0.000101914	0.000572694	0.000269363	0.00013396	0.000310078
74.0156	0.00034694	0.00172508	0.00141941	0.000988969	0.000777225
74.0368	0.000127622	0.000787382	0.00139661	8.29E-04	0.00129759
74.048	4.02334E-05	9.07706E-11	0.000196525	9.86777E-05	0.000181013
74.0732	3.19175E-05	2.27418E-05	9.05299E-05	3.45842E-05	8.94142E-05
74.9956	1.20516E-05	7.96592E-05	4.03908E-05	0.000123992	8.16261E-05
75.0235	0.000337083	0.0015491	0.001668	0.000884134	0.000814
75.0446	8.60292E-05	2.29183E-11	0.000508598	0.000358602	0.00035236
76.016	0	1.79788E-10	0	0.000330184	0.000314379
76.0313	0.00049592	0.00245349	0.00232891	0.00118867	0.00124564
76.0524	8.11722E-05	1.19926E-11	3.51E-04	2.41E-04	0.000140269
77.0027	8.15E-05	1.07252E-08	0.000205032	0.000461648	0.000122363
77.0391	0.0062576	1.28E-02	9.14E-03	4.65E-03	3.15E-03
77.0603	9.53E-04	4.41913E-12	0.00138137	0.000743034	0.000441565
78.0106	3.60823E-06	0.000175464	2.35E-04	0.000238512	0.000116435
78.047	0.00230568	0.00523299	0.00448012	0.00225243	0.00110527
79.0184	1.2946E-06	3.23169E-10	0.00088037	0.000707971	0.000386432
79.0548	0.013848	0.016631	0.00755737	0.00477405	0.0028538
80.0262	2.19108E-05	0.00125183	0.00125425	0.00085925	0.000730814
80.0626	0.00323682	0.00343973	0.00199869	0.00114619	0.000777898
80.9977	0.0001096	0.000569313	0	0.000638758	0.000981107
81.034	0	0.00386162	0.00313786	0.00202191	0.0016154
81.0704	0.0252748	0.0114005	0.0052124	0.00314293	0.0015526
82.0055	3.94612E-05	0.000555687	0.0004325	0.000600224	0.000758164
82.0419	0.000124022	0.00262744	0.00184226	0.00157804	0.00156607
82.0782	0.0062807	0.00293543	2.14E-03	0.00090937	0.000587913
83.0133	9.03522E-05	0.000304379	0.000748625	0.00095129	0.00116063
83.0497	7.98835E-06	0.00563447	0.00192697	0.00201759	0.00216522
83.0861	0.0229947	0.00396666	0.00293004	0.00161529	0.000444298
84.0211	4.30711E-05	0.00229617	0.000906457	0.000826803	0.00121439
84.0575	0.000255484	0.00246301	0.00146337	0.000909724	0.000880347
84.0939	0.00533036	0.00121709	1.17E-03	4.15E-04	2.38E-04
85.029	2.03E-04	0.0027164	1.84E-03	2.39E-03	2.76E-03
85.0653	7.53808E-06	0.0014315	0.000808147	0.000911915	0.00103041
85.1017	0.0152579	0.00106642	0.00109967	0.000669494	0
86.0156	9.94963E-05	0.000668214	4.42E-04	2.24E-04	0.000279653
86.0368	0.00E+00	1.14494E-10	0.000493971	0.000332892	0.00054549
86.048	8.07666E-05	0.000204167	1.79E-04	0.000157797	0.000247108
86.0732	2.64541E-05	2.52084E-05	1.95E-04	0.000131804	0.000297187
86.1096	7.56529E-05	0.000178411	0.000115073	0	1.59E-04
87.0109	7.59E-06	0.000204924	1.58742E-06	0.000133762	0.000306813
87.0235	0.000131939	0.000775068	5.80E-04	0.00029445	0.000169116
87.0446	1.58E-04	0.00123243	1.10E-03	0.000830691	0.00103443
87.0684	0.000023733	0.00014607	0.000138799	8.85548E-05	0.000199159
87.081	5.19944E-05	6.06163E-05	0.000042345	0.000024961	3.63201E-05
87.9983	3.55864E-06	6.19521E-05	2.49987E-05	8.44476E-05	0.000083501
88.0313	9.43004E-05	0.000716749	0.000636456	0.000391678	0.000302361
88.0524	5.91001E-05	0.000231308	0.000320839	0.000192294	0.000263898
88.0888	0.000156558	0.000147104	3.94728E-05	0	0.00019933
89.0027	1.23997E-05	0.000136545	7.65768E-05	0.000238625	0.000125518
89.0391	0.000519533	0.00308047	0.00236057	0.00125152	0.000981489
89.0603	0.000144179	4.79862E-12	0.000519468	0.00013543	0.00009021
89.9775	4.12402E-06	7.12731E-06	6.7144E-06	8.51686E-06	0
90.0106	1.19027E-05	9.48269E-05	5.11457E-05	0.000135918	0.000114576
90.047	0.000149493	0.00103409	0.000928338	0.00050641	0.000477315
90.0681	3.62574E-05	0.000098633	0.000197518	8.38326E-05	3.69039E-05
91.0184	8.48996E-05	0.00021455	0.000285714	0.000395934	0
91.0548	0.00703954	0.0161266	0.00618179	0.0031683	0.00162655
91.0633	0.00396794	0.00180933	0.00302633	0.00115446	0.000801953
92.0262	2.74142E-05	2.53552E-11	0.000694325	0.000436037	0.000336584
92.0626	0.00224915	0.00185451	0.00140784	0.000881235	0.000550233
93.034	0	1.06531E-05	0.00102818	0.000597092	0.000357102
93.0704	0.00883755	0.00651511	0.00307784	0.00177477	0.00117128
94.0089	1.72454E-05	9.60463E-05	0.000113136	0.000142838	6.09124E-05
94.0419	9.01468E-05	0.00218929	0.00187582	0.000911915	0.000697033
94.0782	0.00223483	0.00173109	0.000916287	0.000524422	0.000363322
95.0133	0.000135513	2.16841E-05	0.00124231	0.00065853	0.000541401
95.0497	0	0.00325599	0.00209923	0.00163636	0.00147855
95.0861	0.0162889	0.00541322	0.00284462	0.00157726	0.000838176
96.0086	0	0.000401691	0.000653824	0.00034013	0.000391677
96.0297	0.000085182	0.000587659	0.000845033	0.000554536	0.000649788
96.0575	2.28222E-05	0.00130245	0.00072704	0.000712566	0.000708538
96.0939	0.00290007	0.00163612	0.000820659	0.000320888	0.00014885
97.0078	0.00002909	9.83651E-05	3.26936E-06	0.000151067	9.03035E-05
97.029	0	0.00183982	0.00123239	0.000624132	0.00118254
97.0402	0.000159808	0.000328509	0.000412509	0.000268775	0.000292936
97.0653	0	7.88075E-05	0.0010979	0.0011184	0.0010693
97.1017	0.0139554	1.40333E-10	0.0013184	0.000919903	0.000170895
97.9878	2.15227E-05	0.000556407	0	0.000389338	0.00119017
98.0156	4.45764E-05	1.23566E-05	0.000218678	0.000233196	7.01394E-05
98.0368	9.93012E-05	0.000236361	0.000854839	0.000845748	0.00106216
98.0732	0.000086368	0.00241146	0.00111411	0.000411267	0.000314801
98.1096	0.00106956	1.28148E-10	0.000426013	0.000138208	4.97401E-05
98.9404	9.11634E-06	0.000015479	1.97636E-06	2.51137E-05	0.000011127
99.0082	0.000039989	1.62864E-10	0.000186896	0.000542674	0.000786148
99.0235	1.30076E-05	9.39586E-05	0.000176027	0.000131386	0.000181083
99.0446	0.000155788	0.0015019	0.000820482	0.00137735	0.00136752
99.081	0.000076921	0.00101968	0.000315972	0.000294704	0.000346753
99.1174	0.00258057	0.000273709	0.00015235	0.000103796	0
99.9797	6.79207E-06	3.05728E-05	0	2.47673E-05	4.67428E-05
100.004	2.53467E-06	3.82846E-05	2.12948E-05	3.46839E-05	1.85022E-05
100.016	6.81158E-07	6.45812E-10	0.00001086	0.000116859	0.000229504
100.031	5.28774E-05	0.000151917	0.000361836	0.000278481	0.000246807
100.052	2.85556E-05	0.000196305	0.000231981	0.000281626	0.000342895
100.064	2.84118E-05	6.38828E-05	3.09615E-05	4.72047E-05	4.62033E-05
100.125	2.40374E-05	2.54199E-05	4.75765E-05	6.4968E-07	2.96624E-05
100.988	7.70545E-06	2.12629E-05	2.31154E-05	2.76918E-05	2.59175E-07
101.024	1.45047E-05	6.85294E-11	0.000315936	0.00079782	0.000741696
101.039	0.000078143	0.0011333	0.000510713	3.78805E-05	0.000243662
101.06	0.00012584	1.88665E-05	0.000384249	0.000358277	0.000432693
101.097	4.65706E-05	5.52047E-05	5.51391E-05	0.000045723	6.69773E-05
102.011	1.19787E-05	6.23345E-05	2.38326E-05	0.000087869	6.00131E-05
102.032	2.0959E-06	7.03013E-11	0.000235868	0.000210249	0.000242958
102.047	0.000324401	0.00174421	0.0013731	0.000462214	0.000392893
102.068	8.74411E-05	6.09959E-12	0.000290487	0.0001794	0.000113903
102.104	1.43871E-05	2.98744E-09	2.82099E-05	1.55407E-05	8.95418E-06
103.018	3.18815E-05	3.06578E-09	0.000207714	0.000357146	0.000251358
103.055	0.000898336	0.00266273	0.00205504	0.000924145	0.000687457
103.076	0.000171524	0.000158319	0.000362604	8.31681E-05	3.67723E-05
104.026	0.000144344	1.72379E-11	0.000323439	0.000568639	0.0006965
104.063	0.00123386	6.32371E-11	0.00124538	0.000700047	0.000424443
104.965	6.47991E-06	1.68204E-05	1.90878E-05	1.74819E-05	1.14325E-05
105.034	0	5.87521E-12	0.00135751	0.000899544	0.000738018
105.07	0.00708216	0.00309229	0.00317153	0.0015475	0.000739927
105.973	9.53991E-06	9.08676E-06	1.01273E-05	1.17545E-05	2.50876E-06
106.009	2.47793E-05	4.00832E-05	0.000039272	6.38687E-05	1.27699E-05
106.042	2.01323E-05	4.38403E-11	0.000874392	0.00038726	0.000229424
106.063	0	0.000497359	6.57428E-05	2.75335E-05	1.27437E-05
106.078	0.0015932	0.000359622	0.000616584	0.00037976	0.000235101
107.013	4.43315E-05	6.11253E-06	0.000198357	0.000146726	4.20716E-05
107.05	3.18841E-05	4.12342E-11	0.00191185	0.000906543	0.000570469
107.086	0.00522511	0.00185931	0.00175495	0.000910077	0.000556181
108.021	4.04757E-05	1.53774E-10	0.000488088	0.000270591	0.000191201
108.058	5.94852E-05	0.00107705	0.000791406	0.000532318	0.000458325
108.094	0.00129639	0.000820463	0.000462084	0.000237162	0.000172342
109.008	3.53836E-06	7.5674E-06	0	2.42817E-05	0
109.029	9.41875E-05	2.44472E-11	0.000939089	0.000545262	0.000438671
109.065	0	0.00184296	0.000991086	0.000775481	0.000776029
109.102	0.00764898	0.00205913	0.00126582	0.000623792	0.000355233
109.983	5.38427E-06	0.000032352	0.00002892	3.91509E-05	3.19624E-05
110.037	8.40576E-05	0.00066147	0.000917539	0.000506431	0.000489845
110.073	1.72217E-05	0.000476315	0.000491065	0.000340328	0.000336996
110.11	0.00117369	0.000385312	0.000283918	0.000110101	6.04351E-05
110.991	0.000012527	7.05969E-05	5.00139E-05	0.000095638	7.73859E-05
111.023	0	6.51262E-11	0.000128638	0.000151371	0.000100881
111.045	0.000246844	0.000456647	0.000711834	0.000929517	0.0010498
111.081	3.6434E-06	0.000711373	0.000621357	0.000504077	0.000502033
111.117	0.00478757	0.00013721	0.000335478	0.000247087	6.81328E-05
111.998	1.18313E-05	3.45359E-11	4.87036E-05	9.51149E-05	8.30459E-05
112.031	6.50507E-05	4.58864E-10	0.000253389	0.000299547	0.000348823
112.052	0	0.000228213	0.000248888	0.000143051	0.00020351
112.064	0.00004959	0.00011103	5.88264E-05	0.000085105	0.000112587
112.089	1.36324E-05	8.17119E-05	0.000208848	9.85222E-05	0.000105232
112.125	0.000664523	0.000154938	0.000128555	7.59859E-05	6.17082E-05
113.024	1.12604E-05	1.12342E-11	0.000124385	0.000396174	0.000477999
113.039	6.49737E-05	0.00101358	0.00058316	0.000111671	0.000138882
113.06	0.000136699	7.15752E-05	0.000328791	0.000538178	0.000481857
113.097	4.42637E-05	0.000028461	0.000173959	0.000135996	0.00014467
113.133	0.00123001	0.000129755	7.32522E-05	5.03702E-05	5.74167E-06
114.014	1.43214E-06	9.79401E-05	5.15143E-05	0.000145935	0.000118505
114.047	0.00007038	0.000596906	0.000513288	0.000281704	0.000275976
114.068	5.17993E-05	3.27622E-05	0.000155138	0.000142902	0.000122253
114.104	0.000012106	4.96038E-06	3.30953E-05	2.71814E-05	2.82808E-05
114.141	0.000012566	1.96545E-05	2.11896E-05	2.97037E-06	2.8537E-06
115.027	0	0.00017322	7.26661E-05	0.000349631	9.93466E-05
115.055	0.00184853	0.00640759	0.00371087	0.00123745	0.000783806
115.076	0.00051313	0.000480204	0.000986655	0.000360496	0.000197632
115.112	7.14736E-05	7.07013E-05	0.000107434	0.00007641	0.000019098
116.035	2.25603E-05	0.000174014	0.00023113	0.000230234	0.000128744
116.063	0.000816907	0.000672925	0.00128532	0.000519049	0.000351998
116.084	0.000125342	0.000110541	0.000195923	8.72328E-05	3.58328E-05
116.965	1.18447E-05	1.02772E-05	1.24527E-05	1.39269E-05	0
117.006	4.33216E-07	2.03178E-05	1.01616E-05	2.04552E-05	0.000010279
117.019	2.47906E-05	6.78329E-05	2.91515E-05	7.12284E-05	6.49225E-05
117.043	0	0.000194513	0.000313869	0.000243375	0.00010075
117.07	0.00262046	0.00116388	0.00189047	0.000816765	0.000491282
117.092	0.000631459	0.000255271	0.000395307	0.0001801	6.44161E-05
117.99	1.41823E-05	1.61672E-05	0.000012253	2.64809E-05	1.33707E-06
118.027	6.27814E-06	0.000112536	0.000130115	0.000144387	9.37841E-05
118.05	0.000106474	0.000420204	0.000835321	0.000356106	0.000302462
118.078	0.000840525	0.000357691	0.000533243	0.000203152	0.000161339
118.087	0.000276494	0.000137672	0.000152929	7.49679E-05	3.89235E-05
118.998	9.3176E-06	5.01719E-05	6.93604E-05	5.64921E-05	0.000016988
119.022	5.08756E-05	9.03613E-05	4.71736E-05	0.000122345	8.04194E-05
119.05	0	0.00054753	0.00116952	0.000485408	0.000372506
119.086	0.00436517	0.00121238	0.00157265	0.000708961	0.000338463
120.024	0	7.23197E-05	6.75587E-05	1.20606E-05	4.34943E-05
120.03	0.000035668	8.53479E-05	5.81176E-05	7.05646E-05	3.11304E-05
120.058	6.26736E-05	0.000397987	0.000824629	0.00036003	0.00026016
120.094	0.00141022	0.000423585	0.000538655	0.000280135	0.000145192
121.029	3.11951E-05	0.000413442	0.000783183	0.000363741	0.000322045
121.05	0.000124685	0.000130217	0.000154028	6.62008E-05	5.98272E-05
121.065	0	0.000488749	0.000925881	0.000458856	0.000378816
121.102	0.00331882	0.00084608	0.00106428	0.000460991	0.000204033
122	8.16599E-06	3.18818E-05	2.59627E-05	5.58304E-05	1.21419E-05
122.037	5.54959E-05	0.000423779	0.000923151	0.000344039	0.000285441
122.073	7.27212E-05	0.000346273	0.000612898	0.000332071	0.000277
122.11	0.0010001	0.000256545	0.000318606	0.000139523	6.66708E-05
123.008	0	0.000136342	0.000165287	0.000171525	0.000126141
123.045	0.000102649	0.000538551	0.00123511	0.00044172	0.000305647
123.081	0	0.000415751	0.000724842	0.000417148	0.000351425
123.117	0.00337324	0.000644666	0.000500375	0.00022607	0.000125639
124.016	0.000010576	0.000141072	0.000173534	0.000164003	0.000145041
124.052	5.51416E-05	0.000357368	0.000694833	0.000320464	0.000271866
124.089	5.88331E-05	0.000188665	0.00034194	0.000158793	0.00015096
124.125	0.000938281	0.000183705	0.000186247	6.63337E-05	2.67334E-05
125.011	1.56573E-05	0.000193903	0.000265547	0.000238582	0.000161781
125.048	1.37053E-05	0.000300388	0.000537272	0.000283945	0.000214101
125.06	0.000103937	0.000242605	0.00016882	0.000237466	0.000310882
125.097	6.52099E-06	0.000244564	0.000384686	0.000240866	0.0002307
125.133	0.00156733	0.00024073	0.000116987	6.67458E-05	1.85444E-05
126	3.41878E-06	6.56084E-05	6.64989E-05	0.000101307	5.13327E-05
126.047	0.000127195	0.000453922	0.000967185	0.000381188	0.000285843
126.068	5.41867E-05	0.00017104	0.000225908	0.000111855	0.000169418
126.104	3.27317E-05	9.30717E-05	0.000141221	8.46173E-05	7.84912E-05
126.141	0.000435896	7.83669E-05	5.46476E-05	3.27971E-05	0
127.055	0.000587715	0.000930902	0.00173711	0.000848505	0.00061262
127.112	0.000109097	0.000186531	0.000326203	0.000164081	0.000120484
127.149	0.000584532	9.34505E-05	0.000023972	2.41735E-05	0
128.035	5.67641E-06	0.000136342	9.91653E-05	0.000240336	8.98513E-05
128.063	0.00151978	0.00103548	0.00216362	0.000707971	0.000399193
128.084	0.000429232	0.000302125	0.000572929	0.000226204	0.000118063
129.034	0.000117892	0.000423982	0.000549158	0.000334433	0.000422836
129.07	0.00205888	0.000992888	0.0016856	0.000699474	0.00036917
129.092	0.000518557	0.000287585	0.000590356	0.000156503	8.20893E-05
130.042	2.98093E-05	0.000255594	0.000433339	0.000264378	0.000207037
130.078	0.00097612	0.000502938	0.000911396	0.000343757	0.000201943
130.98	9.85002E-06	0.000014534	2.27102E-05	6.24605E-06	0
130.998	3.44671E-05	0.000055929	3.57973E-05	9.11633E-05	2.90103E-05
131.05	1.31077E-06	0.000547225	0.0013262	0.000466837	0.000279422
131.086	0.00245375	0.000807207	0.00129347	0.00048586	0.000210081
131.996	1.05354E-05	1.78827E-05	2.11435E-05	0.000023357	3.8592E-06
132.021	9.71499E-06	4.90523E-05	4.36765E-05	5.39302E-05	3.31822E-05
132.042	0.000028973	0.000152176	0.000253354	0.000128651	0.000119047
132.066	7.66489E-05	0.000296684	0.000681234	0.000212476	0.000171287
132.094	0.000679515	0.000231936	0.000340192	0.000130771	7.64826E-05
133.014	3.94643E-06	0.000106651	0.000159593	0.000113028	6.09646E-05
133.038	5.80681E-05	0.000193146	0.000238113	0.000204439	0.00016153
133.065	8.04637E-07	0.000454412	0.00104223	0.000323991	0.000286184
133.102	0.00258868	0.000665202	0.000887802	0.000326119	0.000145634
134.016	2.13389E-05	0.00004428	4.22457E-05	6.99156E-05	2.37653E-06
134.037	4.17777E-06	0.000191501	0.000398568	0.000115538	0.000162947
134.058	4.54359E-05	9.84112E-05	0.000121372	6.88793E-05	3.32977E-05
134.073	1.23365E-05	0.000207548	0.000434993	0.000141439	0.000152216
134.109	0.000797551	0.000235058	0.00033686	0.000137056	5.88747E-05
135.008	6.41779E-06	0.000037092	5.35795E-05	0.000042701	1.97461E-05
135.045	8.15829E-05	0.000380435	0.000848128	0.000292223	0.000245088
135.081	0	0.00031783	0.000596216	0.000301031	0.000252755
135.117	0.0019967	0.000443908	0.000503329	0.000206651	6.93205E-05
136.016	5.87305E-06	0.000106079	0.00015222	0.000121066	9.21141E-05
136.052	4.17685E-05	0.000284222	0.000643474	0.000232213	0.000169106
136.089	3.96188E-05	0.000167381	0.000318098	0.000144365	0.000122826
136.125	0.000581298	0.000132859	0.000155257	5.67261E-05	2.99216E-05
137.024	1.72459E-05	0.000233118	0.000418866	0.000231895	0.000177094
137.06	0.000100621	0.000556103	0.00175058	0.000314165	7.60686E-05
137.097	0	0.000215501	0.000492377	0.000179513	0.000117641
137.133	0.00140524	0.000247474	0.000163799	8.29843E-05	3.49938E-05
138.019	0	7.48334E-05	8.16831E-05	8.22703E-05	6.48351E-05
138.032	7.33425E-06	5.71715E-05	5.18062E-05	1.86801E-05	4.03875E-05
138.055	5.41302E-05	0.000298929	0.000731246	0.000226926	0.000145353
138.105	5.95673E-05	0.000168712	0.000356035	8.70066E-05	0.0001217
138.141	0.000553573	0.000210993	0.000196206	0	0.000117179
139.003	1.12763E-05	3.77516E-05	1.63302E-05	3.10907E-05	3.73611E-05
139.027	5.67692E-07	0.000146947	0.000165961	0.000186271	0.000119741
139.055	0.000194669	0.000508869	0.00120935	0.000379569	0.000242637
139.076	9.03881E-05	0.00020546	0.000317248	0.000180206	0.000162454
139.112	3.10575E-05	0.000128822	0.000228649	0.000101399	0.000106407
139.149	0.000516452	0.000088172	5.97586E-05	1.05591E-05	2.43953E-05
140.035	8.93459E-06	0.000135289	0.000169694	0.000171256	0.000117832
140.063	0.000069271	0.000224786	0.000536162	0.000139445	0.000126573
140.084	2.32724E-05	8.21803E-05	0.000116468	7.26917E-05	5.56593E-05
140.12	1.48662E-05	4.24139E-05	7.38063E-05	3.01455E-05	3.05959E-05
140.156	0.000179221	3.59169E-05	3.24537E-05	1.38611E-05	3.30606E-06
141.006	2.60572E-05	3.33599E-05	3.08729E-05	1.40018E-05	3.54339E-05
141.03	0	0.000147076	0.000126452	0.000216788	0.000139676
141.07	0.000949627	0.000665886	0.00131793	0.000501624	0.000271615
141.092	0.000367945	0.000237608	0.000482594	0.000145539	8.20742E-05
141.164	0.000341955	0.000072523	7.13181E-05	3.38172E-05	1.50065E-05
142.014	1.26405E-05	4.17802E-05	3.64341E-05	5.42802E-05	3.70908E-05
142.05	7.70597E-06	0.000136573	0.000208742	0.000152304	0.000104779
142.078	0.000701798	0.000327927	0.000612851	0.000197101	0.000108085
142.099	0.000182609	9.47068E-05	0.000148723	0.000059688	2.19537E-05
142.172	3.26332E-05	1.00277E-05	1.13986E-05	2.18096E-06	5.22672E-06
142.998	1.83518E-05	3.40684E-05	2.13987E-05	5.41558E-05	2.59105E-05
143.05	2.15566E-05	0.00022837	0.000379735	0.000259111	0.000170282
143.086	0.00114134	0.000414236	0.000702855	0.000229018	0.000124815
143.107	0.000445785	0.000153524	0.000237168	8.64482E-05	2.91279E-05
144.042	2.33998E-05	9.92796E-05	0.00008053	0.000134242	7.68443E-05
144.057	1.79826E-05	0.000142023	0.000394067	1.72896E-05	0.000063555
144.079	0	9.30717E-05	0.000109982	5.95813E-05	4.56757E-05
144.094	0.000600346	0.000208712	0.000352609	0.00010024	5.03631E-05
144.151	5.94493E-05	2.33802E-05	3.36872E-05	1.83401E-05	3.14891E-06
145.029	2.31569E-05	0.00011273	0.000143879	0.000145673	0.00008663
145.065	8.31591E-05	0.000398994	0.000967527	0.000316237	0.000191242
145.102	0.00135056	0.000410421	0.000673507	0.000193383	8.39512E-05
145.123	0.000423476	0.000105506	9.90613E-05	5.30353E-05	7.69157E-06
146.037	2.38336E-05	0.000183113	0.000288443	0.000193892	0.000158094
146.073	7.68543E-05	0.00025382	0.000566596	0.000199547	0.000148608
146.109	0.000421654	0.000141912	0.000243512	6.10609E-05	3.37408E-05
146.131	6.97177E-05	2.62642E-05	1.72293E-05	2.06128E-05	8.0547E-07
147.029	5.84481E-05	0.000220231	0.000406909	0.00022209	0.000144921
147.066	8.54849E-05	0.000384084	0.000912116	0.000201335	0.000280547
147.081	0	9.24343E-05	7.30938E-05	9.69882E-05	5.43199E-05
147.117	0.0012372	0.000341562	0.000495188	0.000171433	7.58506E-05
148.003	7.16277E-06	1.99575E-05	2.47742E-05	1.52551E-05	3.00492E-06
148.016	1.08507E-05	7.93073E-05	2.03153E-05	9.70872E-05	0.000112627
148.052	5.20149E-05	0.000261386	0.000592021	0.00019961	0.000163087
148.089	2.44862E-05	0.000143695	0.000311813	0.000107585	9.37087E-05
148.125	0.000393585	0.000100139	0.000126984	5.30381E-05	1.73045E-05
149.983	4.63775E-06	1.54698E-05	2.05138E-05	1.96953E-05	0
150.032	0.000118816	0.000298753	0.000641454	0.000207959	0.000154627
150.068	5.41713E-06	0.000248564	0.000670093	0.000169609	0.00010699
150.105	0.000212044	0.000108425	0.000180339	7.51093E-05	4.87665E-05
151.04	0.000094398	0.000393285	0.00107688	0.000267778	0.000125247
151.076	0.000143343	0.000377802	0.000990353	0.00025311	0.000146729
151.112	1.87076E-07	8.01147E-05	0.000136708	0.000073957	5.40115E-05
151.149	0.000649788	0.000109912	6.39304E-05	2.78686E-05	2.13267E-05
152.014	3.02083E-06	8.47992E-05	0.00014395	0.000123971	2.71866E-05
152.063	0.000410066	0.000626301	0.00169789	0.000410751	0.000148387
152.084	0.000127606	0.000148296	0.000343653	6.63924E-05	4.51754E-05
152.12	4.91926E-05	0.000111806	0.000258883	5.89217E-05	3.68446E-05
152.156	0.000256732	0.000115668	0.00010359	0	2.48434E-05
153.043	0	0.000172896	0.000281331	0.000211783	0.000108377
153.07	0.000570516	0.000559206	0.00140807	0.000346415	0.000161751
153.115	0.000128212	0.000157506	0.000311588	0.000128545	8.10705E-05
153.164	0.000256162	0.000050558	4.68582E-05	9.7483E-06	1.09211E-05
154.001	4.89539E-06	1.66513E-05	1.96939E-05	2.28516E-05	5.64079E-06
154.027	2.19694E-06	3.56786E-05	2.17225E-05	3.49737E-05	2.99116E-05
154.05	1.05031E-05	0.00014328	0.00031303	0.000107352	8.20863E-05
154.078	0.000279292	0.000231077	0.000583751	0.000112286	5.14161E-05
154.099	0.000106135	9.31087E-05	0.000160585	6.56727E-05	4.02026E-05
154.172	0.00010938	3.20102E-05	4.41195E-05	1.69058E-05	8.58302E-06
155.034	1.55408E-06	0.000175474	0.000390345	0.000182015	6.22598E-05
155.058	0	8.94837E-05	0.000128886	6.07795E-05	0.000074059
155.086	0.000899209	0.000456075	0.000927794	0.000297468	0.000118917
155.18	0.000228165	5.29257E-05	6.43155E-05	2.43587E-05	9.69924E-06
156.042	1.86999E-05	9.62496E-05	0.00014102	0.000103817	0.000076783
156.066	0	8.16953E-05	0.000188669	4.54855E-05	3.50842E-05
156.094	0.000485667	0.000217405	0.000413419	0.000136681	0.000056434
156.188	4.05091E-05	1.37654E-05	2.06296E-05	8.16624E-06	3.36303E-06
157.014	2.47983E-05	6.73082E-05	5.44278E-05	8.25036E-05	6.55736E-05
157.065	2.4251E-06	0.000264342	0.000616549	0.000228615	0.000139234
157.102	0.00101355	0.000332028	0.000594373	0.000167453	5.63808E-05
158.021	8.61986E-06	4.59262E-05	5.69491E-05	5.23051E-05	3.91386E-05
158.058	1.76176E-05	0.000097238	0.000121703	8.97777E-05	6.86261E-05
158.073	3.02632E-05	0.000120351	0.000290617	2.15269E-05	3.57052E-05
158.109	0.000385694	0.00012558	0.000206178	5.31682E-05	1.62957E-05
159.029	1.79878E-05	7.26699E-05	8.22325E-05	9.37505E-05	5.78578E-05
159.066	2.40636E-05	0.000230938	0.00054683	0.000178651	0.000128663
159.102	0	0.000121608	0.000285053	5.45905E-05	4.82118E-05
159.117	0.000947728	0.000234624	0.000326203	8.36417E-05	2.34337E-05
160.016	5.69489E-06	3.22929E-05	1.63102E-05	4.89946E-05	2.87279E-05
160.052	4.18476E-05	0.000171224	0.000372091	0.000135416	0.000106759
160.089	3.07946E-05	0.00012364	0.000307737	7.21544E-05	6.00503E-05
160.125	0.000257025	7.12195E-05	0.000106826	1.93269E-05	1.18907E-05
161.024	4.35491E-06	4.65183E-05	3.06685E-05	6.24542E-05	2.22511E-05
161.039	5.51724E-05	0.000111233	0.000213042	4.50458E-05	6.94702E-05
161.069	7.51549E-05	0.000225913	0.000623366	0.000125053	6.88241E-05
161.097	2.02335E-06	0.000133284	0.000275046	8.49283E-05	8.19406E-05
161.133	0.000808641	0.00020498	0.000294823	8.08282E-05	0.000036923
162.016	4.40373E-06	0.000035661	1.65795E-05	4.88638E-05	3.51395E-05
162.047	4.98262E-05	0.000196527	0.000461127	0.000140689	0.000110939
162.089	4.45697E-05	0.000155538	0.000401344	0.000100608	6.84071E-05
162.141	0.000255505	7.13701E-05	9.67917E-05	3.38879E-05	1.84469E-05
163.024	0.000019183	0.00013358	0.000237191	0.000150551	7.42329E-05
163.061	6.76435E-05	0.000272139	0.00070367	0.000114187	0.000148357
163.076	4.75805E-05	0.000109275	0.000200613	6.15522E-05	2.82678E-05
163.112	0	9.78293E-05	0.000210927	7.39429E-05	5.98111E-05
163.149	0.000624476	0.000118171	9.53799E-05	3.77703E-05	1.49814E-05
164.011	0.000004739	6.71992E-05	8.90212E-05	8.28358E-05	5.53931E-05
164.063	6.71095E-05	0.000241913	0.000594656	0.000173313	0.000114003
164.084	2.69203E-05	6.71142E-05	0.000190134	1.49031E-05	0
164.12	1.28546E-05	6.09978E-05	0.000143217	0.0000404	2.75955E-05
164.156	0.000175724	2.88924E-05	1.20959E-05	9.99007E-06	6.47386E-07
165.04	8.58392E-06	0.000167307	0.000256627	0.00021893	9.77168E-05
165.07	0.000483193	0.000479022	0.00145096	0.000175512	4.39575E-05
165.092	0.000251238	0.000250485	0.000576544	0.000149964	7.62284E-05
165.128	1.09421E-05	6.98671E-05	0.000158033	5.14638E-05	1.52356E-05
165.164	0.000359766	5.69534E-05	2.09143E-05	1.10342E-05	9.89005E-06
166.027	3.9835E-06	0.000109746	0.000167768	0.000127237	7.44589E-05
166.078	0.000326157	0.000339779	0.000868686	0.000217637	8.75755E-05
166.172	0.000130964	3.98467E-05	6.32912E-05	2.13063E-05	8.06826E-06
167.001	5.12093E-06	1.76305E-05	1.30718E-05	2.36631E-05	0
167.034	0	0.0010946	0.000169954	8.94949E-05	0
167.071	7.10886E-05	0.000319289	0.00107716	0.000100707	0
167.107	0.000228545	0.000178485	0.000405421	0.000105358	4.71407E-05
168.042	1.95455E-05	0.000174033	0.000459567	0.000142697	5.46003E-05
168.094	0.000273557	0.000266264	0.000757994	0.000141022	2.93157E-05
168.188	7.42153E-05	2.21137E-05	3.07985E-05	1.37862E-05	3.5031E-06
168.993	8.75284E-06	2.71899E-05	2.02078E-05	3.28876E-05	1.20042E-05
169.05	9.76993E-06	0.000185848	0.000435737	0.00015393	0.00010061
169.087	0	9.66191E-05	0.000234888	0.000035458	2.87611E-05
169.102	0.000605993	0.000222947	0.000406626	0.00010897	4.14918E-05
169.196	0.000146634	3.39104E-05	4.10253E-05	1.54806E-05	5.78307E-06
170	4.6071E-06	1.69792E-05	2.01747E-05	0.000022045	8.82698E-06
170.045	2.11397E-05	8.77766E-05	0.000134817	6.85364E-05	8.74187E-05
170.073	4.56633E-06	0.000107418	0.000283647	6.28218E-05	4.36059E-05
170.109	0.000271919	0.00012158	0.000243784	7.09809E-05	2.29394E-05
171.029	2.46638E-05	0.000075662	0.000118797	8.38114E-05	0.000048049
171.066	2.34578E-05	0.000143714	0.000326888	8.13796E-05	8.73152E-05
171.081	1.66421E-07	6.52583E-05	0.000118033	2.66046E-05	4.40369E-06
171.102	0	2.90319E-05	2.10372E-05	1.53704E-05	1.33336E-06
171.117	0.000577806	0.00018849	0.00034604	7.41762E-05	3.30636E-05
172.061	2.67375E-05	0.000131548	0.00023751	0.0001068	0.000111512
172.089	9.23032E-06	6.17091E-05	0.000166705	0.000020417	1.47724E-05
172.125	0.000203074	0.000084984	0.000160384	4.80113E-05	1.91895E-05
173.024	1.01576E-06	5.05959E-05	3.31402E-05	6.54515E-05	5.21335E-05
173.045	2.80678E-05	6.54966E-05	9.62459E-05	3.05499E-05	2.82858E-05
173.06	6.51996E-07	5.47733E-05	6.57014E-05	1.26968E-05	1.21449E-05
173.081	2.35286E-05	7.31447E-05	0.000120533	1.46401E-05	1.56436E-05
173.097	0	7.12749E-05	0.000126771	4.27603E-05	2.86174E-05
173.133	0.000532471	0.00015128	0.000253224	6.77949E-05	1.46066E-05
174.032	9.70883E-06	7.77738E-05	5.93605E-05	9.15379E-05	9.26999E-05
174.064	7.70289E-06	4.31797E-05	3.74454E-05	3.35147E-06	0.000013422
174.077	2.86413E-06	3.20684E-05	2.90097E-05	3.8989E-06	2.54895E-07
174.105	6.25965E-06	4.61867E-05	9.57627E-05	2.22967E-05	9.7756E-06
174.141	0.000159485	5.06763E-05	8.48022E-05	2.44358E-05	6.52068E-06
174.991	2.11474E-06	2.99483E-05	2.28189E-06	4.97255E-05	3.69803E-05
175.04	4.88163E-05	0.000143187	0.000225188	0.000142612	0.000114968
175.076	0.000129059	0.000185903	0.000512107	9.54825E-05	5.10584E-05
175.112	0	7.27428E-05	0.000157832	5.56516E-05	3.45919E-05
175.149	0.00043796	0.000105709	0.000147093	4.36977E-05	1.05312E-05
176.011	3.07761E-06	2.77035E-05	1.35325E-05	0.00004245	1.93472E-05
176.047	0.000021899	0.000118966	0.000268087	8.17331E-05	6.27883E-05
176.08	7.69416E-05	0.000186171	0.000530467	0.000089806	0.000059568
176.156	0.00015261	5.48962E-05	9.59588E-05	3.41049E-05	9.41508E-06
177.019	2.38449E-05	0.00010231	0.000155741	0.000118768	7.20173E-05
177.07	7.00566E-07	0.00020279	0.000582593	0.000119192	6.97304E-05
177.092	0.000160219	0.000113099	0.000217544	7.14404E-05	4.07673E-05
178.027	0	6.09267E-05	0.000067216	8.49778E-05	4.64997E-05
178.078	0.000368817	0.000379622	0.00106312	0.000216463	5.15558E-05
179.034	0	0.000113589	0.000205812	0.000120104	7.48056E-05
179.086	0.00041156	0.000347492	0.000889503	0.000205824	7.68624E-05
180.094	0.000211731	0.000253238	0.000695648	0.000150289	5.23536E-05
181.087	0	0.000402495	0.00138196	0.000204934	2.83672E-05
185.097	2.84334E-05	0.000220111	0.000558988	0.000127965	9.97264E-05
185.133	0.000353199	8.07475E-05	0.000117968	2.52565E-05	0
187.055	9.16203E-05	0.000235381	0.000610795	0.00016061	9.53314E-05
187.149	0.00033868	0.000131788	0.000273049	7.29249E-05	1.60817E-05
188.063	0.000068506	0.000183197	0.00044956	0.000135034	8.60341E-05
189.001	9.86953E-06	2.11012E-05	4.65758E-05	1.53265E-05	0
189.019	0	3.76084E-05	8.5862E-07	6.48704E-05	3.43266E-05
189.07	0.000274918	0.000378643	0.00108133	0.000213777	7.35365E-05
189.164	0.000353322	0.000115714	0.000228791	6.15755E-05	3.45477E-06
190.009	1.54746E-06	0.000047177	5.89588E-05	5.85124E-05	4.31587E-05
190.078	0.000143789	0.000228204	0.000627525	0.000143658	5.70801E-05
190.172	0.000116126	4.39179E-05	9.26306E-05	2.53463E-05	1.16716E-06
191.002	9.93268E-06	7.21544E-05	8.44501E-05	8.93111E-05	4.78782E-05
191.086	0.000252265	0.00028607	0.000741324	0.000186151	7.22343E-05
192.079	0	0.000119141	0.000255221	0.00010036	6.68035E-05
194.073	1.26215E-05	0.000145451	0.00040314	9.30012E-05	4.67237E-05
194.109	0.000148831	0.000101414	0.000313018	1.55153E-05	2.8742E-06
195.081	7.8143E-06	0.000175169	0.000501072	0.000124494	4.74693E-05
195.117	0.000273891	0.00012036	0.000305846	3.34348E-05	7.51573E-06
196.089	2.47362E-05	0.000150735	0.000447422	9.40687E-05	3.64779E-05
196.125	0.000111094	3.91465E-05	8.00562E-05	1.13304E-05	0
196.219	3.65213E-05	1.33746E-05	2.35856E-05	6.9816E-06	1.93814E-06
197.097	0	0.000185737	0.000558905	0.00011693	4.59651E-05
198.105	3.54195E-05	0.000137524	0.000419338	7.82409E-05	2.86245E-05
199.055	1.55993E-05	0.000140397	0.000366279	0.000104298	5.62311E-05
199.112	0.00016218	0.000133718	0.000352361	7.61202E-05	2.13488E-05
200.063	5.77909E-05	0.00017212	0.000483173	0.000104976	5.18281E-05
200.12	2.23087E-05	6.68112E-05	0.000205634	3.04226E-05	0.000011119
200.156	6.54409E-05	1.76665E-05	0.000014727	1.24247E-05	0
202.078	0.000196056	0.000291557	0.000874699	0.00015663	2.56302E-05
202.136	4.79121E-05	6.61091E-05	0.000206958	2.38455E-05	0
202.172	5.22921E-05	1.37931E-05	6.12567E-06	1.14901E-05	0
204.094	0.000106345	0.000156074	0.000427502	9.62954E-05	3.63031E-05
204.188	7.90774E-05	2.60887E-05	4.91396E-05	1.45574E-05	0
206.109	0.000113574	0.000129552	0.000350388	7.98315E-05	2.42868E-05
