PMF_m/z	HOA	OOA1	OOA2
12	0.00383659	0.00518424	0.008200288
13.0034	4.74181E-05	6.21483E-05	7.89373E-05
13.0078	0.00180692	0.00291243	0.00372958
15.0235	0	0.022005	0.033748193
15.9949	0.000226965	0.000445811	0.000509958
17.0027	0.00175354	0.00442011	0.005411367
17.9992	0	9.29359E-07	1.11676E-06
18.0106	0.00762301	0.0203887	0.024639399
24	0.0004227	0.000744126	0.00085372
25.0078	0.00179731	0.00271159	0.003161815
26.0156	0.0119757	0.0148867	0.015300019
27.0109	0.00285786	0.0016639	0.003002722
27.019	0.000280388	0.000325159	0.000314768
27.0235	0	0.0403774	0.042004971
27.9949	0.0370659	0.0903505	0.108992784
28.9983	0.000363007	0.000966046	0.001198507
29.0027	0	0.0358115	0.014156806
29.0391	0.0346631	0.0234463	0.016159785
29.9992	7.05863E-05	0.000188314	0.000219675
30.0061	0	0.000378999	0.00020565
30.0106	0	0.00631535	0.014570678
30.0425	0	0.000486399	0.000493315
30.0469	0.00179681	0.000241134	0.000416986
31.0184	0.00593577	0.0149617	0.017870905
31.0422	0	0	0.000650621
31.0503	4.48591E-05	3.2769E-06	1.11561E-05
33.014	0	6.63081E-05	0.000123362
36	0.000246956	0.000444761	0.000429093
37.0078	0.00259916	0.00305316	0.003588786
38.0112	0.000101969	0.000100708	0.000109663
38.0157	0.00480591	0.00555541	0.006123524
39.019	0.000189746	0.000178383	0.000190419
39.0235	0	0.0344193	0.029905753
40.0268	0.00113247	0.00105449	0.00092972
40.0313	0.00666341	0.00797945	0.007372409
41.0027	0.000668294	0.00324599	0.00406429
41.0266	0	1.27113E-05	0.003723046
41.0347	0.000216939	0.000254496	0.000244033
41.0391	0.0821814	0.0370408	0.029506763
42.0106	0.00591193	0.021883	0.023050995
42.0344	0	0.00127433	0.004550358
42.0425	0	0.00121972	0.0013387
42.047	0.0151487	0.00646738	0.004631329
43.0058	0	0	0.005689002
43.0139	0.000123563	0.000471946	0.000498094
43.0184	0.04416	0.102499	0.090671739
43.0503	0.000475974	0.000205357	0.000151094
43.0548	0.0712032	0.00889872	0.007852589
43.9898	0.0338789	0.0905115	0.110229073
44.0217	0.000773789	0.00225031	0.00194391
44.0262	0.00188625	0.00897794	0.004050778
44.05	0	0	0.002476058
44.0581	0.00202486	0.00027168	0.000298565
44.9799	0	0	0.000653945
44.9932	0.000363007	0.000968246	0.001179106
44.9977	0.00167982	0.0125563	0.013175365
45.0215	0	0.0010991	0.001768536
45.034	0.002622	0.00640897	0.004793638
45.9941	0.000137915	0.000366177	0.00044641
46.0055	0	0.00234953	0.002934128
46.0374	5.68358E-05	0.000140006	0.000108331
46.0419	0.00004804	0.00027637	0.000174762
47.0133	0.000233264	0.000964516	0.001334386
47.0452	8.99375E-07	5.45519E-06	4.5516E-06
48	0.000148863	0	0.000520736
49.0078	0.000553164	0.000731763	0.000894415
49.0289	0	7.47566E-05	7.46932E-05
50.0112	2.40606E-05	3.19348E-05	3.87005E-05
50.0157	0.00413997	0.00429358	0.004580563
51.019	0.00017902	0.000187024	0.000196349
51.0235	0	0.0060123	0.007040213
51.9949	0.000076184	0.000151648	0.000253211
52.0268	0.000290664	0.000259997	0.000261393
52.0313	0.00308031	0.00350484	0.003366711
53.0027	0.00104293	0.0022043	0.002909678
53.0347	0.000133318	0.000149247	0.000148826
53.0391	0.0109842	0.0101198	0.00859567
54.0061	3.38819E-05	7.21141E-05	9.45713E-05
54.0106	0.000757453	0.00230482	0.003036244
54.0344	0	0.000554051	0.001115482
54.0425	0	0.000430799	0.000457429
54.047	0.0100948	0.00394912	0.003052704
55.0139	2.45033E-05	7.54838E-05	9.97001E-05
55.0184	0.0124154	0.0232322	0.020104214
55.0503	0.000405724	0.000169261	0.000139042
55.0548	0.070404	0.0143596	0.010229643
55.9898	0.000083834	0.000222381	0.000544076
56.0217	0.0003967	0.000750287	0.000652263
56.0262	0.00152218	0.00536338	0.004649292
56.05	0	0.000287002	0.001530085
56.0581	0.00277764	0.000618383	0.000483915
56.0626	0.0175915	0.00263338	0.002042811
57.0296	4.93331E-05	0.000173972	0.000151069
57.034	0.00437403	0.0120752	0.008218205
57.066	0.000709478	0.000120622	8.6656E-05
57.0704	0.0599977	0.000981239	0.002387712
58.0055	0	0.0011194	0.001785301
58.0293	0	0.000169191	0.000998282
58.0374	0.000143484	0.000392161	0.000264243
58.0419	0.00328493	0.00607411	0.00438347
58.0657	0	0	0.001069535
58.0738	0.00218632	4.74887E-05	0.000159088
59.0133	0.000381516	0.0010824	0.001229445
59.0371	0	9.04745E-05	0.000974305
59.0452	0.000108029	0.000196516	0.000145085
59.0497	0.00129222	0.00525526	0.003349653
59.0771	0	3.63006E-07	7.92117E-06
59.967	7.44353E-05	5.99359E-05	8.03435E-05
60.0211	0.00344498	0.00395942	0.004310767
60.053	4.25435E-05	0.00016553	0.000114354
60.9926	0	5.52951E-06	5.72698E-05
61.0078	0.00032006	0.000366697	0.000525375
61.0289	0.0011505	0.0010961	0.001453995
62.0112	1.92881E-05	2.05017E-05	2.80023E-05
62.0157	0.000975474	0.000953094	0.000821498
63.0082	0	0	0.000435395
63.019	5.23358E-05	0.000055065	4.37417E-05
63.0235	0	0.00229952	0.001941091
63.032	0	0	0.000549763
64.0268	0.000144305	0.000127113	8.09455E-05
64.0313	0	0.000805197	0.000309788
65.0027	0	0	0.000407005
65.0347	0	4.19346E-05	2.35697E-05
65.0391	0.00600037	0.00459394	0.004228074
66.0061	0	0	2.12798E-05
66.0106	0.000215016	0.00038325	0.000455985
66.0425	0	0.000249996	0.000276979
66.047	0.00233545	0.00227491	0.001923319
67.0139	9.85399E-06	1.55258E-05	2.21112E-05
67.0184	0.000305487	0.000727033	0.001407866
67.0548	0.0273047	0.00926099	0.007378623
67.9898	6.21831E-05	0.000148887	0.000291632
68.0136	0	3.36071E-05	0.000589791
68.0217	1.38396E-05	3.19688E-05	6.24912E-05
68.0262	0.00107358	0.00300685	0.002751672
68.05	0	0.000294874	0.000854577
68.0581	0.00142132	0.000503792	0.000403172
68.0626	0.006979	0.00240904	0.001610042
68.9977	0.000667853	0.00238874	0.00299202
69.0296	4.64065E-05	0.000128113	0.000123949
69.034	0.00169074	0.00631775	0.005541628
69.066	0.000356367	0.000130834	8.76515E-05
69.0704	0.0354914	0.00505482	0.004591781
70.0055	0	0.000797835	0.001249458
70.0374	7.27216E-05	0.000270629	0.000242224
70.0419	0.00133268	0.00356555	0.002653264
70.0738	0.00175073	0.000270679	0.000267503
70.0782	0.0074265	0.00060219	0.00053528
71.0133	0.000565694	0.00390041	0.004582646
71.0452	0.000058261	0.000152528	0.000118276
71.0497	0.00282301	0.00700988	0.003728984
71.0816	0.000382377	0.000032992	2.96435E-05
71.0861	0.0208866	0	0.000626278
72.0211	0.000266857	0.00128984	0.001531954
72.053	0.000122912	0.000300575	0.000162769
72.0575	0.000573937	0.00125213	0.000758725
72.0894	0.00109451	0	3.24541E-05
72.0939	0	0	4.46939E-05
73.0078	0.00017942	0	0.000224421
73.029	0.00201284	0.00401093	0.003617238
73.0473	0	0.00032769	0.000707472
73.0609	2.51934E-05	5.25916E-05	3.48964E-05
73.0653	0.000327431	0.000394612	0.000314889
73.0973	0	0	2.67268E-06
74.0112	1.26578E-05	0	1.71097E-05
74.0156	0.000738794	0.000421747	0.000722739
74.0368	0.000291305	0.00135695	0.001051456
74.0687	1.61673E-05	1.78843E-05	1.53967E-05
74.0732	6.00368E-05	1.37685E-05	2.08881E-05
75.0082	0	6.91376E-05	0.000221572
75.019	0.000047345	2.59527E-05	4.75107E-05
75.0235	0	0.000453523	0.000554506
75.0446	0.000306659	0.000773681	0.000565504
75.0765	4.51425E-06	7.82833E-07	5.68066E-07
75.9441	0	4.86949E-05	3.00186E-05
76.016	0.00011495	0.000685525	0.001106347
76.0268	6.28993E-05	3.13427E-05	2.80611E-05
76.0313	0.000855657	0.000801026	0.000411309
77.0239	0	0	0.000741527
77.0347	6.19818E-05	0.000054823	2.548E-05
77.0391	0.00852261	0.00557332	0.00390437
77.0603	0	9.77148E-05	0.000634344
78.0106	0	0	0.000181529
78.0272	0	0	1.86545E-05
78.0425	0	0.000352964	0.00034098
78.047	0.0038412	0.00185324	0.001588375
78.9854	0.00077433	0.000241354	0.001375875
79.0139	0	0	1.26476E-05
79.0184	0.000196026	4.16906E-05	0.000558285
79.0548	0.0148432	0.00698347	0.00516367
80.0217	1.12986E-05	2.36983E-06	3.19668E-05
80.0262	0	1.15021E-05	0.000191362
80.0581	0.000911223	0.000446391	0.000349884
80.0626	0.00365351	0.00128473	0.000545802
81.0296	0	3.88111E-06	1.61226E-05
81.034	0.00138296	0.00312377	0.002905897
81.066	0.000237711	8.65808E-05	3.32287E-05
81.0704	0.0213073	0.00462734	0.003120581
82.0055	0	0.000574315	0.000741347
82.0374	6.99362E-05	0.0001645	0.000163154
82.0419	0.00111855	0.00282762	0.002777545
82.0738	0.00131786	0.000298804	0.00020868
82.0782	0.00517458	0.000967666	0.000859474
83.0133	0.000344118	0.000857586	0.001332187
83.0452	6.00538E-05	0.000153428	0.00015031
83.0497	0.00311637	0.0049625	0.003673014
83.0816	0.000339741	6.17713E-05	5.55481E-05
83.0861	0.0169575	0.000910516	0.001259113
84	0	0	3.446E-05
84.0211	0.000284224	0.00160679	0.001747132
84.053	0.000150755	0.000261428	0.000210727
84.0575	0.00246675	0.00180803	0.001330896
84.0894	0.0010239	5.57582E-05	9.01872E-05
84.0939	0.00358841	0.000127603	0.000141654
85.0034	0	0	2.93426E-06
85.0078	0	0	0.000280852
85.029	0.00043532	0.00590818	0.003992035
85.0609	0.000135131	9.69047E-05	7.5819E-05
85.0653	0.0011551	0.00225901	0.001180995
85.0973	0.000229759	6.90406E-06	7.09361E-06
85.1017	0.0103311	0	0.000269458
86.0112	0	0	2.37246E-05
86.0156	0	0.000182013	0.000341825
86.0368	5.07963E-05	0.00122232	0.000687875
86.0687	0.000064659	0.000117651	7.11809E-05
86.0732	0	0.000257837	0.000150498
86.1051	0.000642233	0	1.77921E-05
86.1096	0.000135492	2.82892E-06	1.13278E-05
87.0082	0	0.00112951	0.001458441
87.019	2.81309E-05	0.00001649	2.57458E-05
87.0235	0	0.00038309	0.000352931
87.0446	0.000597583	0.00202587	0.001358983
87.0684	0	3.69237E-05	0.000146003
87.0765	0	1.60229E-05	9.37566E-06
87.081	0	1.75572E-05	7.1832E-05
87.1129	1.13638E-05	0	7.37886E-07
88.016	0	0.000184984	0.000279489
88.0268	2.43981E-05	2.68239E-05	2.88236E-05
88.0313	0.000188114	0.000142626	0.000108137
88.0399	0	9.76618E-05	6.55529E-05
88.0524	0.000227275	0.000321779	0.0002807
88.0843	0	1.83613E-06	4.20783E-06
89.0027	0.00001538	0	3.83577E-05
89.0239	4.68332E-05	0.000695177	0.001016078
89.0347	1.92741E-05	1.52608E-05	8.63019E-06
89.0391	0.00152699	0.000969767	0.00064263
89.0603	0	5.29767E-05	0.000209951
89.9953	0	1.6357E-06	7.50093E-06
90.0061	2.31301E-06	0	2.98921E-06
90.0106	1.65899E-05	2.58797E-05	2.99855E-05
90.0317	2.00213E-05	0.000303385	0.00037436
90.0425	0	7.86613E-05	6.46232E-05
90.0681	0	0.000022078	8.77599E-05
91.0139	1.55182E-06	1.15461E-06	2.86201E-06
91.0184	0	0	0.000211566
91.0548	0.010235	0.00449932	0.003687415
92.0217	0	0	1.69821E-05
92.0262	0.000189025	0.000193045	0.000351379
92.0473	0	1.93595E-05	0.000138415
92.0581	0.000778156	0.000351994	0.000268644
92.0626	0.00201955	0.000737404	0.000590702
93.0296	1.31816E-05	1.38755E-05	2.16269E-05
93.034	0.000129653	0.000321389	0.00051807
93.0552	0	4.09135E-07	0.000121546
93.0704	0.00859052	0.00265518	0.001796373
94.0055	0	3.41932E-05	5.77917E-05
94.0266	0	0	0.000162049
94.0374	9.14889E-06	2.25321E-05	3.39535E-05
94.0419	0.000588029	0.00114541	0.000821103
94.0738	0.000615161	0.000200196	0.000138149
94.0782	0.00200874	0.000627454	0.000314107
94.9455	0	1.34855E-05	5.82858E-05
95.0133	0.000280508	0.000314077	0.000653318
95.0452	3.16244E-05	7.62439E-05	5.59849E-05
95.0497	0.00103962	0.00342822	0.002607137
95.0816	0.000151206	4.65415E-05	2.3087E-05
95.0861	0.0139558	0.00197316	0.001372466
95.9881	0	0	0.000423909
96.053	6.73372E-05	0.00021948	0.000171562
96.0575	0.00060795	0.00157049	0.000995608
96.0894	0.000996156	0.000144066	0.000112343
96.0939	0.00219313	0.000255567	0.000303727
97.0078	0	0	0.000352061
97.029	0.000256411	0.00206288	0.001585072
97.0609	3.47723E-05	9.82589E-05	7.04341E-05
97.0653	0.0012788	0.00232272	0.00133067
97.0973	0.00016666	2.05357E-05	2.24439E-05
97.1017	0.00970877	0.000183934	0.000591836
98.0112	0	0	3.94817E-05
98.0156	0	5.21815E-07	1.94876E-05
98.0368	0.0002882	0.00215529	0.001109272
98.0687	8.82789E-05	0.000148727	9.09237E-05
98.0732	0.00165298	0.000581476	0.000777254
98.1051	0.00074267	0.000010736	4.82765E-05
98.1096	0	0	0.000134652
99.0082	0	0.000517674	0.000649388
99.019	0	0	3.39405E-06
99.0235	0	3.54685E-05	0.000775504
99.0446	0.000512861	0.0044167	0.002239111
99.0765	0.000118816	0.000038656	5.04266E-05
99.081	0.00073595	0.00417276	2.2978E-08
99.1129	0	0	1.23176E-05
99.1174	0	0	0.000146057
99.9619	0	0.000168571	0.000957603
100.016	0	0.00038432	0.00074024
100.027	1.46519E-05	4.06364E-06	6.94574E-05
100.031	0	8.54466E-06	3.57273E-05
100.052	0.000149914	0.000773081	0.00062597
100.076	0	2.15199E-05	6.34902E-05
100.084	4.39837E-05	3.78889E-05	2.79097E-05
100.089	0	0.000032752	2.38215E-05
100.121	0	0	1.61172E-05
101.024	5.44991E-10	0.00206578	0.001505993
101.039	6.85921E-05	0.000106599	0.000556692
101.06	0.000328523	0.000872639	0.000496437
101.092	0	2.61498E-06	1.77948E-06
101.995	0	5.4897E-06	1.58973E-05
102.011	0	2.14779E-05	5.04448E-05
102.032	0	0.000415706	0.00051553
102.043	1.69264E-05	1.96826E-05	4.49303E-05
102.047	0.000400896	0.000295384	0.000136812
103.018	4.39487E-05	0.000146767	0.000199316
103.05	4.25294E-05	2.65588E-05	1.51173E-05
103.055	0.00156825	0.000967276	0.000561851
103.076	0	3.49424E-05	0.000137013
104.022	4.25815E-06	1.22422E-05	1.6012E-05
104.026	0.000202396	0.000259137	0.000310848
104.035	0	2.91803E-05	3.20267E-05
104.058	0.00012781	8.89092E-05	4.59237E-05
104.063	0.00142923	0.000470486	0.000360156
104.079	0	1.59679E-06	9.46554E-06
105.034	0.000590532	0.000634736	0.00074524
105.055	0	0	1.97998E-05
105.066	0.000130364	3.93532E-05	3.10738E-05
105.07	0.00663376	0.0016691	0.001327867
106.037	4.08128E-05	4.89539E-05	5.93035E-05
106.042	0.0007108	0.000257677	0.000434395
106.063	0	3.68097E-05	1.71318E-05
106.074	0.000529918	0.000143736	0.000119024
106.078	0.00124955	0.000420187	0.000281757
107.045	5.55968E-05	1.98406E-05	3.33318E-05
107.05	0.000694264	0.00124843	0.00093127
107.082	0.000106687	3.50114E-05	2.49364E-05
107.086	0.0049321	0.00118632	0.000861245
108	0	1.01068E-06	1.75383E-05
108.021	0.000107889	0.000169201	0.000300802
108.053	5.20804E-05	9.51713E-05	7.17851E-05
108.058	0.000365811	0.000953044	0.000718135
108.089	0.000414978	0.000102329	7.59632E-05
108.094	0.00111314	0.000253056	0.000251618
109.003	0	0	2.49279E-06
109.008	0	2.90143E-07	4.1033E-05
109.029	0.000239073	0.00060408	0.000627246
109.061	2.78966E-05	7.17971E-05	5.5899E-05
109.065	0.000730241	0.00181603	0.001189607
109.097	8.94557E-05	0.00002176	2.20206E-05
109.102	0.00697049	0.000724912	0.000600515
109.967	0	3.88431E-06	1.42856E-05
110	0	9.39521E-06	4.33103E-05
110.011	0	0	4.9099E-06
110.016	0	8.00146E-06	9.88192E-05
110.037	0.000258273	0.000841243	0.000859871
110.069	5.51552E-05	0.000135535	9.35886E-05
110.073	0.000330636	0.000649288	0.000388026
110.105	0.000549619	6.29675E-05	5.77122E-05
110.11	0.000769172	8.17759E-05	7.56786E-05
111.019	0	1.52828E-06	1.09399E-05
111.023	0	1.15361E-05	0.000213969
111.045	0.000469253	0.00247785	0.00161638
111.076	0	4.90909E-05	3.49938E-05
111.081	0.000888758	0.00093125	0.000612756
111.113	6.30595E-05	5.51961E-06	6.89393E-06
111.117	0.00304115	2.41804E-05	0.00012892
112.016	0	0.000172021	0.000292366
112.027	6.58909E-06	2.96574E-06	2.28716E-05
112.052	0.000163305	0.00102049	0.000564013
112.084	6.92952E-05	6.95947E-05	5.21158E-05
112.089	0.000257472	0.00016697	0.000162067
112.121	0.000263421	3.15037E-06	1.02261E-05
112.125	0	2.48305E-06	0.000101588
113.003	0	0	5.78836E-05
113.024	0	0.000670742	0.000769573
113.039	0.000195766	0.000180713	0.000232854
113.06	0.000177137	0.00142196	0.000582118
113.092	2.13463E-05	1.37955E-05	1.17389E-05
113.097	0.000248278	0.000202307	0.000132779
113.129	0	2.751E-07	9.06949E-06
113.133	0.000711942	0	3.11521E-05
114.032	0	0.000380329	0.000501114
114.043	2.61088E-05	1.81843E-05	3.10236E-05
114.068	3.08943E-05	0.000372628	0.000183314
114.1	2.09327E-05	0.000016511	1.01081E-05
114.104	0	1.60379E-05	3.1063E-05
114.136	6.32047E-05	4.3789E-07	7.33866E-07
115.003	0	8.36702E-06	2.98422E-05
115.027	0	7.49267E-05	0.000116333
115.039	0	0.000284342	0.000807318
115.055	0.0031398	0.00173592	0.00073185
115.076	0	0.000250226	0.000495326
115.108	2.79797E-06	1.78463E-06	2.00311E-06
115.993	0	2.83942E-06	2.02309E-05
116.047	0	0.000210548	0.000289336
116.063	0.00104553	0.000449632	0.000178548
117.019	0	6.97757E-05	0.000109499
117.034	1.81223E-05	0.000082202	1.73379E-05
117.055	0	0.000032919	0.000436466
117.07	0.00242058	0.00093046	0.000286639
117.092	0	7.22732E-05	0.000201761
118.027	0	4.02053E-05	0.000124534
118.042	7.22929E-05	0.000232642	0.000153065
118.063	0.000349546	0.00022127	0.000148223
118.078	0	0.000101198	9.88955E-05
119.034	0.000171949	6.19613E-05	3.99685E-05
119.05	0	0.000353134	0.00022235
119.086	0.00398192	0.000735674	0.000576227
120.021	0.000117083	8.27901E-05	0.000159828
120.042	0	2.30302E-05	5.7077E-05
120.058	0.000436782	0.000394802	0.000313361
120.094	0.00109571	0.000283512	0.000232854
121.029	0.000295562	0.000303705	0.000447308
121.065	0.000538101	0.000953954	0.000558066
121.102	0.00290053	0.000521665	0.00036217
122	0	3.38012E-06	1.64055E-05
122.021	0	1.48357E-05	9.73975E-05
122.037	0	0.000336311	0.000278217
122.073	0.00019211	0.00049611	0.000244844
122.11	0.000761389	0.000145717	0.000123961
123.008	0	5.94368E-05	0.000206238
123.045	0.000265034	0.000692146	0.000625275
123.081	0.000455121	0.000799266	0.000490503
123.117	0.00261669	0.000177032	0.000256651
124.016	5.10187E-05	8.93953E-05	0.000139918
124.037	0	0.000021812	0.000111943
124.052	8.66333E-05	0.000565403	0.000320239
124.089	0.00026218	0.000288083	0.00021962
124.125	0.00060208	3.24619E-05	5.22243E-05
125.024	0.000103812	0.000334811	0.000501735
125.06	0.000127048	0.001075	0.000532342
125.097	0.000489404	0.000379079	0.000264596
125.133	0.00093481	0	4.60359E-05
126.032	0	0.000251846	0.000377797
126.068	7.57073E-05	0.000442521	0.000259874
126.104	0	8.64878E-05	8.89096E-05
126.141	0.000219683	7.08949E-06	2.77704E-05
127.039	0	0.000634786	0.000830446
127.076	8.25219E-05	0.000707949	0.000352557
127.112	0.000468973	6.70402E-05	8.32009E-05
128.011	0	4.4135E-06	3.34789E-05
128.035	0	0.000054968	0.000169601
128.047	0	0.000176482	0.000190766
128.063	0	1.54908E-05	2.78465E-05
129.019	0.000230841	0.000145326	0.000265315
129.034	0	9.70757E-05	5.57363E-05
129.043	0	1.06399E-05	2.37071E-05
129.07	0.00156615	0.000599759	0.000231596
129.092	0	0.000149877	0.000230991
130.027	0.000049909	5.85887E-05	0.000127216
130.063	0	7.22012E-05	6.81007E-05
130.078	0.00120739	0.000289023	0.000228446
131.034	0.000100627	0.000181913	0.000374424
131.086	0.00254638	0.000474586	0.000375876
132.021	1.96457E-05	4.15326E-05	7.25286E-05
132.042	0	1.31934E-05	2.43353E-05
132.057	0	0.000332281	0.000295237
132.094	0.000780289	0.000156939	0.000114593
133.014	0	3.63816E-05	0.000100753
133.065	0.000792678	0.000392932	0.000477353
133.102	0.00229468	0.000339692	0.00025719
134.016	0	2.39674E-05	8.62113E-05
134.037	0	7.84843E-05	8.76605E-05
134.058	2.92517E-05	4.11475E-05	0.000142897
134.073	0.000252104	0.000222831	0.000156999
134.109	0	0.000114571	0.000171158
135.045	0	0.000337782	0.000302894
135.081	0.00037116	0.000490529	0.000333619
135.117	0.00155583	0.000181373	0.000176507
136.016	0	5.52921E-05	0.000145476
136.052	0.00014713	0.000319168	0.000272885
136.089	0.000190688	0.000224071	0.000147653
136.125	0.000376178	4.48732E-05	5.71254E-05
137.024	7.21247E-05	0.000136765	0.000276834
137.045	0	2.54256E-05	6.55612E-05
137.06	0.000109521	0.000526956	0.00026086
137.097	0.00027514	0.000293433	0.000238288
137.133	0.00104613	5.06472E-05	6.54775E-05
138.032	0	0.000145427	0.000271272
138.047	5.89701E-06	3.80529E-05	4.26373E-05
138.068	5.02505E-10	0.000250356	0.000154439
138.105	0.000154902	9.67656E-05	9.91695E-05
138.141	0	1.86554E-05	4.8264E-05
139.003	0	1.91155E-05	0.000105647
139.04	0	0.000474606	0.00058094
139.076	5.76501E-10	0.000490129	0.000274421
139.112	0.000137565	0.000133734	9.86777E-05
139.149	0.000237501	1.45957E-05	1.33059E-05
140.011	1.03181E-05	2.35003E-05	5.15207E-05
140.035	0	0.000038367	8.7283E-05
140.047	2.30861E-05	9.12926E-05	9.80256E-05
140.063	0	0.000144416	0.000100123
140.084	2.44542E-05	0.000112931	7.00153E-05
140.12	0	2.93694E-05	3.35665E-05
140.156	0	0	3.0137E-05
141.019	3.19639E-05	4.68705E-05	9.4173E-05
141.055	0	0.000394072	0.000320058
141.07	0	0.000281431	0.000168861
141.092	0.000522777	0.000313487	0.000230499
141.164	0	0.000010957	5.42097E-05
142.027	0	3.75728E-05	8.03859E-05
142.042	0	0.000044015	5.19578E-05
142.063	1.05925E-05	8.02886E-05	0.000104791
142.078	0.000546704	0.000181203	7.66257E-05
142.099	2.85977E-05	4.48062E-05	7.60524E-05
142.172	1.39628E-05	1.59619E-06	2.78751E-06
143.034	7.28568E-06	0.000149377	0.000218259
143.05	0	6.33916E-05	4.82645E-05
143.071	0.000028803	4.10605E-05	0.000120657
143.086	0	0.000239754	0.000168854
143.107	0.000248598	6.85895E-05	0.000104883
144.021	0	1.20642E-05	3.8941E-05
144.079	0.000160481	9.14007E-05	6.87377E-05
144.094	0	0.000054683	7.25708E-05
144.115	0	1.23102E-05	3.25552E-05
144.151	0	2.62158E-06	6.47326E-06
145.014	0	1.76592E-05	3.45512E-05
145.065	0	0.000192165	0.000174994
145.087	0	7.57868E-05	0.000136632
145.102	0	0.000082468	0.000146915
145.123	0	3.63616E-05	0.000104111
146.037	0.00008453	9.11266E-05	0.000153442
146.058	0	4.81378E-05	4.18602E-05
146.073	6.69245E-05	0.000104619	8.34483E-05
146.094	2.93248E-05	5.25956E-05	8.10727E-05
146.131	2.12802E-05	1.23933E-05	1.96378E-05
147.008	0	2.07508E-05	7.20599E-05
147.029	6.07569E-05	1.43906E-05	1.81236E-05
147.045	0	9.52694E-05	9.19923E-05
147.066	0.000169775	0.000222611	0.000144582
147.117	0.00116712	0.000150777	0.000150295
148.016	7.62671E-05	5.66503E-05	0.000111933
148.052	0	0.00016391	0.000167479
148.074	0	5.19475E-05	6.61392E-05
148.11	1.39708E-05	5.18504E-05	2.26226E-05
149.045	4.58015E-05	0.000340812	0.000201333
149.097	0.000960991	0.000343023	0.00028897
150.032	0	6.47078E-05	0.000210089
150.053	0.000163826	0.000118302	6.82668E-05
150.105	0.000327732	0.000130834	9.95946E-05
151.04	0.000169865	8.83141E-05	0.00017537
151.055	0	0.000148047	0.000105859
151.076	0.000220084	0.000297064	0.000137826
151.112	0	0.000112641	0.000113273
151.149	0.000412725	1.47227E-05	2.77017E-05
152.014	0	2.00297E-05	5.13796E-05
152.047	6.64708E-05	0.000100478	0.000176234
152.084	0.000139758	0.000127853	0.000142161
152.12	0	3.38212E-05	5.73754E-05
153.019	1.89276E-05	4.30688E-05	0.000128793
153.055	0	0.0003853	0.000346468
153.092	0	0.000333951	0.000238305
153.164	0.000178489	2.83272E-05	2.64824E-05
154.027	0	3.80339E-05	8.86375E-05
154.05	0	3.51234E-05	6.3628E-05
154.063	1.63505E-05	8.86452E-05	4.14171E-05
154.078	0	0.000100028	7.42779E-05
154.099	0.000146559	8.34702E-05	7.61818E-05
154.172	0	7.80672E-06	2.08428E-05
155.022	0	0	4.73713E-05
155.034	0.00	0.00	0.00
155.071	0	3.67677E-06	6.08524E-06
155.086	0.0014069	0.000395532	0.000296999
155.18	0	1.22972E-05	5.66558E-05
156.042	7.82082E-05	0.000123803	0.000143623
156.079	7.02848E-06	5.06982E-05	3.51003E-05
156.094	0.000573125	0.000128593	9.9786E-05
157.05	8.08223E-05	0.000197336	0.000219821
157.102	0.00113487	0.000187664	0.000117052
158.037	2.41437E-05	3.80129E-05	6.47571E-05
158.073	0.000349446	0.000160189	0.000152767
159.045	0	0.000112551	0.000155231
159.066	0.000220825	0.000119492	7.64866E-05
159.117	0.000869769	6.07601E-05	9.00619E-05
160.016	0	1.50267E-05	4.48058E-05
160.052	0.000105104	9.01964E-05	0.000101204
160.074	0	5.21035E-05	5.82814E-05
160.089	4.74431E-05	0.00003824	2.56495E-05
160.125	0	2.32622E-05	4.56679E-05
161.024	0	0.000033096	8.96784E-05
161.039	0	1.23903E-05	8.86469E-06
161.06	0	3.23689E-05	1.87805E-05
161.097	0.000352881	0.000113221	0.000121679
161.133	0	7.94665E-05	0.000134344
162.032	4.59167E-05	4.48362E-05	0.000123351
162.068	2.85967E-05	7.58208E-05	5.85961E-05
162.089	0	5.08023E-05	4.31519E-05
162.105	0	2.92493E-05	4.59728E-05
162.141	0.00019847	2.40624E-05	1.56228E-05
163.04	0.000158598	0.000141256	0.000233911
163.055	8.37108E-06	6.89756E-06	0
163.076	0	0.000171141	0.000101395
163.112	6.49074E-05	8.64738E-05	0.000119876
163.149	0.000449202	3.21819E-05	2.84943E-05
164.011	0	2.06648E-05	5.04682E-05
164.047	0	4.67155E-05	8.28968E-05
164.063	4.69584E-05	6.63891E-05	7.63467E-05
164.084	7.58074E-05	7.40695E-05	6.23947E-05
164.12	0	3.43323E-05	4.26273E-05
164.156	0	1.05949E-05	1.90775E-05
165.019	4.18133E-05	5.82366E-05	8.88414E-05
165.04	0	1.59879E-05	7.12007E-05
165.07	0.000880255	0.000298594	0.000230804
165.092	0.00020457	0.000161049	0.000113471
165.128	4.58977E-05	2.82001E-05	6.72189E-05
166.027	0	2.62618E-05	3.93324E-05
166.048	0	0	3.61589E-05
166.078	0.000590833	0.000254196	0.000178545
166.172	0.000108169	2.41684E-05	1.99163E-05
167.034	0	7.97825E-05	0.000162969
167.071	0	0.00021819	0.000167999
167.107	0.000341954	0.000158849	0.000101205
168.042	0.000111554	0.000117921	0.000129102
168.094	0.000434278	0.000169781	0.000114148
168.188	0	3.61786E-06	1.83135E-05
169.05	0.00011526	0.000185194	0.000199967
169.087	0	2.46535E-05	4.33162E-05
169.196	0	5.94608E-06	3.0802E-05
170	2.86788E-05	2.53666E-05	4.17026E-05
170.073	0.000143434	0.000159199	0.000147902
170.109	0	3.41422E-05	5.81391E-05
170.203	0	3.74208E-06	1.09552E-05
171.029	2.19944E-05	3.15548E-05	8.62929E-05
171.066	5.58583E-05	0.000124613	0.000130339
171.081	0	1.79533E-05	3.88854E-05
171.117	0.000607148	8.94303E-05	7.28375E-05
172.074	0.000157937	0.000150737	0.000167018
172.125	0.000216438	0.000032995	1.7041E-05
173.024	0	4.88319E-05	8.19334E-05
173.06	3.53763E-05	6.22784E-05	9.31842E-05
173.081	0	4.58204E-05	4.57705E-05
173.097	0	0.000032716	4.89033E-05
173.133	0.000484837	5.55761E-05	5.98229E-05
174.053	0.000129212	0.000104889	0.000152879
174.068	0	2.32182E-06	5.01438E-06
174.105	2.54067E-05	4.46671E-05	3.19334E-05
174.141	0.000115681	1.74702E-05	2.87017E-05
175.04	0.000113127	9.23748E-05	0.000133858
175.076	0.000176426	9.80809E-05	7.94625E-05
175.112	0	7.43155E-05	6.40838E-05
175.149	0.000336676	3.13597E-05	3.57953E-05
176.011	0	2.81411E-05	4.35062E-05
176.047	1.20078E-05	2.63878E-05	2.81061E-05
176.063	9.12666E-06	1.91925E-06	2.76527E-05
176.08	0	0.000133174	0.000122009
176.156	0	2.34923E-05	3.82648E-05
177.019	0	7.77192E-05	0.000113953
177.055	1.84248E-06	9.56624E-06	1.33738E-06
177.092	0.00039713	0.000204037	0.00018211
178.027	0	1.52908E-05	3.33028E-05
178.078	0.000750873	0.00021866	0.000178618
178.999	0	1.56689E-05	3.63086E-05
179.086	0.000719794	0.000279181	0.000201222
