PMF_m/z	HOA	BBOA	OOA1	OOA2_BB-aq	OOA3_BB
12	0.00250825	0.003954797	0.00601801	0.00389039	0.00998505
13.0034	2.76136E-05	4.17758E-05	6.56619E-05	4.41696E-05	0.000104324
13.0078	0.00143934	0.002773987	0.00276733	0.00204282	0.00397125
15.0235	0.0127732	0.027113041	0.0156101	0.0273415	0.0262037
15.9949	0.000190815	0.000232726	0.00101312	0.000760659	0.00108819
17.0027	0.00120349	0.001446062	0.00635328	0.00476935	0.00676722
17.9992	3.51081E-07	5.12613E-07	1.99293E-06	1.54823E-06	2.26518E-06
18.0106	0.00481466	0.005783768	0.0254131	0.0190774	0.0270687
24	0.000345414	0.00064728	0.000740712	0.000387294	0.0010016
25.0078	0.00136412	0.002442565	0.00255812	0.00154041	0.00356231
26.0156	0.00784399	0.013324466	0.0133229	0.00893271	0.017286
27.019	0.000176568	0.000282594	0.00029076	0.000194715	0.000380337
27.0235	0.0264792	0.033785978	0.0311141	0.027493	0.0376863
27.9949	0.02141	0.025696111	0.112948	0.0848024	0.120292
28.9983	0.000242324	0.000271811	0.00123014	0.000923295	0.00129612
29.0027	0.0230632	0.051508062	0.0164245	0.0645888	0.069342
29.0391	0.0275198	0.020466202	0.0163845	0.021804	0.0162678
29.9992	4.27622E-05	5.30989E-05	0.000230609	0.000173666	0.000250595
30.0061	8.98842E-05	0.000325334	0.00038712	0.000646881	0.000236439
30.0425	0.00059126	0.000447122	0.000363768	0.000463858	0.000357612
30.0469	0.00276545	0.001704606	0.00492414	0.00247302	0.00184813
31.0139	7.24529E-05	4.73449E-05	0.000150298	0.000690433	0.000270807
31.0184	0.00716747	0.018229648	0.00592846	0.0244394	0.0162238
31.0503	8.25543E-05	4.88484E-05	8.23145E-05	3.95718E-05	5.32674E-05
33.014	0	4.79113E-05	0	0.000226885	0
36	0.000598633	0.000904446	0	0.00195698	0.000262077
37.0033	0.000021006	3.6777E-05	0	6.51795E-05	9.45837E-06
37.0078	0.00175241	0.003108651	0.00308799	0.00153991	0.00373059
38.0112	5.75068E-05	0.000100412	9.98215E-05	0.000050364	0.000121623
38.0157	0.00320203	0.005907994	0.00528393	0.00297282	0.00639341
39.019	0.000104207	0.000190617	0.000171719	9.70587E-05	0.000207518
39.0235	0.0251194	0.03208185	0.0266468	0.0166677	0.0330252
40.0268	0.00081423	0.001036238	0.000874532	0.000545016	0.00106497
40.0313	0.00478643	0.006488717	0.00893031	0.00412665	0.00659763
41.0027	0.000523588	0.001667879	0.00536637	0.00139721	0.00375482
41.0347	0.000155487	0.000212419	0.000279084	0.000130435	0.000225337
41.0391	0.0649185	0.040475204	0.0337964	0.0265714	0.032819
42.0106	0.00483162	0.013478714	0.0186746	0.0127336	0.01828
42.0344	0.00302704	0.003745849	0.006393	0.00420347	0.00162088
42.0425	0.0020999	0.001308624	0.00110947	0.000867318	0.00106247
42.047	0.0106851	0.007471142	0.00593276	0.00379663	0.00628769
43.0139	0.00010299	0.00029608	0.000395234	0.000270517	0.000404954
43.0184	0.0213292	0.044495822	0.0611626	0.092871	0.0699327
43.0422	0	0.000533204	0	0.00929021	0.00130233
43.0503	0.000342112	0.000243384	0.000197392	0.000120959	0.000206677
43.0548	0.0679115	0.02113641	0.0145855	0.0127848	0.00522513
43.9816	0	1.72328E-06	0	7.40282E-06	0
43.9898	0.02141	0.025696111	0.112948	0.0848024	0.120292
44.0217	0.000480199	0.00096447	0.00131328	0.00200682	0.00150635
44.0262	0.00477116	0.008780727	0.00301626	0.0141225	0.00371958
44.0581	0.00220176	0.000686978	0.000486191	0.00041455	0.000166422
44.0626	0.00141649	0.001183841	0.00311641	0.00162856	0.000412663
44.9932	0.000242324	0.000271808	0.00123014	0.000923295	0.00129612
44.9977	0.00178863	0.003080712	0.00866928	0.012844	0.0106377
45.034	0.00380582	0.009927496	0.00490533	0.0121771	0.00469705
45.066	4.03588E-05	4.05183E-05	0.000100992	5.36813E-05	1.94603E-05
45.9941	9.20941E-05	0.000103282	0.000467461	0.000350852	0.00049252
46.0374	7.96291E-05	0.000217833	0.000101843	0.000261482	0.000104204
47.0133	0.00105723	0.003212197	0	0.00798044	0.0013635
49.0078	0.000477565	0.000877831	0.000769767	0.00047172	0.000944626
49.0289	4.10322E-05	0.00010034	7.28286E-05	0.000227046	0.000096683
50.0112	0.000020584	3.79408E-05	0.000033015	2.05876E-05	4.12052E-05
50.0157	0.00301087	0.005634379	0.0046448	0.00237054	0.00490127
51.019	0.000130306	0.000243642	0.000201484	0.000102487	0.000212073
51.0235	0.00463119	0.009523724	0.006587	0.00359266	0.00654468
51.9949	6.02294E-05	0.000116002	0.000446871	9.35619E-05	0.000280858
52.0187	0	0.000246741	0.0017401	0.000639009	0
52.0268	0.000200223	0.000412194	0.000284877	0.000155154	0.000283441
52.0313	0.00220705	0.00530549	0.00356204	0.00155947	0.00387615
53.0027	0.000885234	0.003099162	0.00294972	0.00328239	0.00297066
53.0347	9.53185E-05	0.000229614	0.000153939	6.73485E-05	0.000168064
53.0391	0.00833644	0.009692379	0.0079442	0.00548696	0.00927988
54.0061	2.81573E-05	0.000101186	9.46269E-05	0.000106047	9.73918E-05
54.0106	0.000747316	0.001984667	0.00260935	0.00318201	0.00284942
54.0344	0	0.000434571	0.00183125	0.00133684	0
54.0425	0.000360938	0.000418769	0.000343327	0.000237625	0.000401801
54.047	0.00698659	0.006172565	0.00355123	0.00123676	0.00448822
55.0139	2.50196E-05	6.37777E-05	8.47277E-05	0.00010353	9.41603E-05
55.0184	0.0059572	0.017318949	0.0166506	0.016786	0.0164821
55.0503	0.000302833	0.000265901	0.000153259	5.25661E-05	0.000197236
55.0548	0.0602274	0.024521192	0.0166896	0.016092	0.0126359
56.0217	0.000204094	0.00056413	0.000538128	0.000540363	0.000536789
56.0262	0.00183542	0.0067247	0.003679	0.00471259	0.00405164
56.05	0	0.001152435	0.00121623	0.00183534	0
56.0581	0.0026124	0.001055755	0.000725975	0.000699288	0.00054762
56.0626	0.0155826	0.004748559	0.004644	0.00226233	0.00310791
57.0296	6.12161E-05	0.000219285	0.000118051	0.000152276	0.000131875
57.034	0.00491842	0.017805842	0.00625233	0.0162274	0.00790217
57.066	0.00067695	0.000203228	0.000203095	0.000100028	0.000133556
57.0704	0.0628204	0.011826035	0.0102503	0.0104653	0.000662757
58.0055	0.00048428	0.001342169	0.00157561	0.00266185	0.00199429
58.0293	2.34034E-05	0.000157677	0.000473935	0.000726634	0
58.0374	0.000149421	0.000585464	0.000204065	0.00052169	0.000258313
58.0419	0.00115909	0.001954331	0.00318234	0.00347423	0.00354609
58.0657	0.00199454	0.001502351	0.00199253	0.00268301	0.000125347
58.0738	0.00271666	0.000518859	0.000442528	0.000450301	2.63329E-05
58.0783	0.000619015	3.57507E-05	0.00019353	0	0
59.0133	0.000642221	0.001422954	0	0.00306488	0.00169005
59.0371	1.04127E-05	0.000399664	0.000895953	0.000906498	6.73969E-05
59.0452	3.93771E-05	6.31571E-05	0.000103644	0.000112635	0.000115276
59.0497	0.00113715	0.001210774	0.00234581	0.00295307	0.00241755
59.0735	0.000211736	0.000242335	0.000195761	0.000752627	8.60824E-05
59.0771	4.39963E-05	8.37624E-06	7.19862E-06	7.38146E-06	3.19911E-07
59.0816	2.71995E-05	4.60467E-06	1.44485E-05	0	5.19029E-07
60.0211	0.00645992	0.023353062	0	0.0117519	0.00459364
60.0449	0.00111639	0.002406184	0	0.00162886	0.000429131
60.053	3.79185E-05	3.94892E-05	7.98562E-05	9.61953E-05	7.81927E-05
61.0078	0.000262398	0.000376545	0.000612526	0.000133795	0.000394352
61.0289	0.00121317	0.004094881	0.00141713	0.00338748	0.00128721
62.0112	0.000014582	2.01299E-05	3.30441E-05	7.76373E-06	2.15847E-05
62.0157	0.000826451	0.001815968	0.0013612	0.000859436	0.00119381
62.0368	0.000125268	0.000372834	0.000177221	0.000257581	0.000153719
63.019	4.47945E-05	9.78244E-05	7.38371E-05	4.68742E-05	6.51214E-05
63.0235	0.00219129	0.004871838	0.00297864	0.00216005	0.00276874
64.0268	0.000118015	0.000263448	0.000162154	0.000116857	0.000150565
64.0313	0.000616262	0.001807997	0.000653627	0.000759917	0.000795743
65.0027	0	3.38972E-06	0.000926018	0.000122764	0.00036522
65.0347	3.27426E-05	9.77974E-05	3.70081E-05	4.05194E-05	4.42125E-05
65.0391	0.00439933	0.00707837	0.00438827	0.00265924	0.004652
66.0061	0	1.41998E-06	3.52252E-05	5.19895E-06	1.98728E-05
66.0106	0.000160755	0.000741454	0.000672717	0.000665894	0.000526097
66.0425	0.000237765	0.000382881	0.000237563	0.000143692	0.000251876
66.047	0.00187083	0.003039591	0.0023197	0.00102367	0.00221773
67.0139	6.74576E-06	3.26344E-05	2.86328E-05	2.83915E-05	2.33536E-05
67.0184	0	0.000792962	0.00224586	0.00127387	0.000586623
67.0548	0.0231889	0.012897241	0.00739492	0.00562996	0.00943965
67.9898	2.37516E-05	4.21475E-05	0.000746365	0.000129262	0.000337991
68.0217	0	3.60951E-05	9.73152E-05	5.35158E-05	2.78525E-05
68.0262	0.000935068	0.003577521	0.00347289	0.00324749	0.00303693
68.0581	0.00125926	0.00069234	0.000401267	0.000305305	0.000513173
68.0626	0.0060426	0.004419886	0.0029041	0.00139631	0.00258564
68.9977	0.000619195	0.001427966	0.00179082	0.00282982	0.00249774
69.0296	4.13605E-05	0.000154727	0.000150768	0.000140353	0.000131965
69.034	0.00092969	0.006039215	0.00496016	0.00644003	0.00421032
69.066	0.000326927	0.000238819	0.000156811	7.50862E-05	0.000140834
69.0704	0.0373199	0.012644627	0.0065944	0.00788577	0.00463849
70.0055	0.000199594	0.000301484	0.00144525	0.000938006	0.000797845
70.0374	4.15091E-05	0.000261339	0.00021402	0.000279061	0.000181769
70.0419	0.000966345	0.003480865	0.0025117	0.00281508	0.00233576
70.0738	0.00202148	0.000685729	0.000357164	0.000425722	0.000250184
70.0782	0.00755646	0.002836253	0.00228228	0.00135048	0.000932062
71.0133	0.000805889	0.003396005	0.00333682	0.00477787	0.00299999
71.0452	4.32391E-05	0.000150192	0.000108826	0.000122192	0.0001007
71.0497	0.00114004	0.003003508	0.00355383	0.00556698	0.00386023
71.0816	0.000416588	0.000151304	0.000131398	7.56257E-05	4.58042E-05
71.0861	0.0267945	0.004337467	0.00363057	0.00400311	0
72.0211	0.000317509	0.001262352	0.00100182	0.00182842	0.00106837
72.0436	2.94493E-05	0.000243897	0.000837843	0.000400722	2.20632E-05
72.053	5.11756E-05	0.000129257	0.00015502	0.000241336	0.000166052
72.0575	0.000330209	0.000341821	0.000876122	0.000942619	0.000642254
72.0894	0.00145251	0.000237016	0.00019357	0.000215042	0
72.0939	0.000153023	0.000170257	0.000140182	0.000119996	3.32404E-05
73.029	0.0025715	0.010871983	0.00162534	0.00692579	0.00304093
73.0473	0.00065143	0.00206937	0.00164185	0.000895928	0.00104024
73.0609	1.49661E-05	1.4901E-05	3.75014E-05	4.08634E-05	2.81439E-05
73.0653	4.51895E-05	0.000304074	0	0.000668291	0.000105766
73.0973	1.01643E-05	1.03128E-05	6.07964E-06	5.63949E-06	3.43737E-06
74.0156	0.000681031	0.001029583	0.00131778	0.000637505	0.000766571
74.0368	0.000961795	0.002435899	0.00113228	0.002538	0.00129502
74.0687	8.36538E-06	1.52211E-05	0	2.83855E-05	5.45228E-06
75.0082	0	0	0.000226187	0.000130385	0
75.019	0.000044133	6.70615E-05	8.54421E-05	4.11432E-05	5.00048E-05
75.0235	0.000790385	0.001542668	0.00105254	0.000934967	0.000791468
75.0446	0.000277961	0.00066071	0.000564511	0.000636241	0.000444027
76.016	0	0	0.000879624	0.000810038	0.000236089
76.0268	5.10987E-05	0.000100757	6.82042E-05	6.02707E-05	5.16947E-05
76.0313	0.00101503	0.002111459	0.001363	0.00106689	0.0012793
76.0524	0.000147486	0.000338212	0.000273721	0.000187024	0.000108679
77.0027	0	6.30993E-05	0.00102743	0	0
77.0347	6.80851E-05	0.000137892	8.97673E-05	6.82902E-05	0.000082945
77.0391	0.00590033	0.008346922	0.00504701	0.00350922	0.00535317
77.0603	0.000952577	0.001659541	0.000590575	0.000544264	0.000882227
78.0061	0	4.88572E-06	5.36697E-05	0	1.56291E-06
78.0106	0	0.000106665	0.000558548	0.00011061	0
78.0425	0.000383465	0.000541359	0.000327559	0.000227497	0.000347891
78.047	0.00221144	0.003795741	0.00210359	0.000584286	0.00220151
78.9854	0.000151945	4.03201E-06	0.00065928	0.000808553	0.000299298
79.0139	0	7.2133E-06	3.03547E-05	5.97152E-06	0
79.0184	0	0.000439402	0.00149417	0.000345487	0
79.0548	0.0112487	0.008806629	0.00493495	0.00368542	0.00708527
79.9898	4.62101E-06	0	0.0067698	0	0.0055623
80.0217	0	2.56423E-05	7.83505E-05	1.84356E-05	1.0059E-06
80.0581	0.000729148	0.000569091	0.000322276	0.000239851	0.000461606
80.0626	0.00255284	0.002304236	0.00183285	0.000774939	0.00148002
80.9977	0.000100336	0	0.00321486	0.000578379	0.00268334
81.034	0.000123262	0.003290553	0.00315663	0.00175983	0.00158514
81.066	0.000165913	0.000149221	0.000118981	5.01083E-05	9.68872E-05
81.0704	0.0206368	0.008533118	0.00376044	0.00477226	0.00468233
82.0055	0.000155597	0.0002591	0.000552735	0.00104252	0.000548061
82.0374	8.89215E-06	0.000176962	0.000170258	9.58503E-05	8.59382E-05
82.0419	0.000543482	0.001974991	0.00264567	0.00162214	0.0018263
82.0738	0.00133878	0.000555111	0.000242355	0.000307772	0.000305935
82.0782	0.00461852	0.002636985	0.00150868	0.00102607	0.00122594
83.0133	0.000289983	0.000557299	0.000932481	0.00166085	0.00103483
83.0452	2.97196E-05	0.00010675	0.000145885	8.78549E-05	9.87353E-05
83.0497	0.000853448	0.002227889	0.00325148	0.00356769	0.00322083
83.0816	0.00029991	0.000170826	9.91252E-05	6.65663E-05	8.00798E-05
83.0861	0.0192142	0.005318268	0.0029112	0.00347102	0.00111082
84.0211	0.000356967	0.001167107	0.00144034	0.00161873	0.00122985
84.053	4.88051E-05	0.000118894	0.000176511	0.000193883	0.000173851
84.0575	0.000804203	0.001634108	0.00156431	0.0013561	0.00114496
84.0894	0.00124849	0.000344991	0.000188527	0.000225622	7.13933E-05
84.0939	0.00318936	0.001120454	0.000538138	0.000445658	0.000369916
85.029	0.000807326	0.002837814	0.00380647	0.00453148	0.00302051
85.0609	4.50668E-05	8.77752E-05	8.49118E-05	7.37164E-05	0.000062039
85.0653	0.000545656	0.001090402	0.00142183	0.00204061	0.00134578
85.0973	0.000207176	7.39966E-05	3.52102E-05	2.74679E-05	2.57382E-05
85.1017	0.0133449	0.001943696	0.00131348	0.00183885	0
86.0156	0.000365337	0.000308327	0.000655909	0.000219555	0.000164621
86.0368	0.000275268	0.000964986	0.00121673	0.00155094	0.000876932
86.0687	3.06654E-05	5.87569E-05	7.62574E-05	0.00011085	7.37729E-05
86.0732	0.000233305	0.000224171	0.000488722	0.000495256	0.000185714
86.1051	0.000866747	0.000127736	8.41955E-05	0.000118151	0
87.0082	7.31144E-05	0.00012057	0.000798812	0.000484657	0.000555509
87.019	2.82012E-05	2.3579E-05	0.000048484	1.65884E-05	1.34407E-05
87.0235	0.000202348	0.00036288	0.000961026	0.000250672	2.13584E-05
87.0446	0.000891579	0.001894223	0.00137401	0.00216927	0.00111903
87.0765	0.000013262	1.24824E-05	2.59074E-05	2.65513E-05	1.07248E-05
87.081	0.000260761	0.000252708	0.000210469	0.000354171	0.000112734
88.016	0	0	0.000166926	0.00024298	3.32264E-05
88.0268	1.52753E-05	2.98648E-05	6.27074E-05	1.58303E-05	9.89225E-06
88.0313	0.000254706	0.000732435	0.000685004	0.000268682	0.000164711
88.0524	0.000221782	0.000341131	0.000453784	0.000448937	0.000233766
88.0843	0.000014978	1.39373E-05	1.06755E-05	0.000018945	7.10399E-06
88.0888	0.000122674	2.47588E-05	0.000100192	7.97623E-05	0
89.0027	0.000013297	4.00338E-06	0.000110597	0	0
89.0239	0	4.04469E-05	0.000603181	0.000780685	0
89.0347	1.92082E-05	5.61044E-05	4.96696E-05	1.94655E-05	1.49794E-05
89.0391	0.000966983	0.00235838	0.0013497	0.000752847	0.00114456
89.0603	0.000289035	0.000562535	0.000267388	0.000291396	0.000152527
89.0922	8.02756E-06	1.65151E-06	6.40751E-06	4.48084E-06	8.50903E-07
90.0061	1.55058E-06	9.76738E-07	9.62557E-06	0	5.53847E-07
90.0106	2.35081E-05	2.35883E-05	0.000191719	3.04352E-05	2.52987E-06
90.0317	0	2.51097E-05	0.000281345	0.000397021	1.85754E-05
90.0425	7.29238E-05	0.000179116	0.000102153	5.64039E-05	8.74159E-05
90.047	0.000333252	0.000793752	0.000598529	0.000403289	0.000412112
90.0681	0.000074969	0.000202439	0.000139842	0.000123716	6.68073E-05
91.0139	1.89328E-06	2.07983E-06	1.15149E-05	2.06779E-06	1.99869E-06
91.0503	2.60163E-05	6.03581E-05	4.43759E-05	3.02487E-05	3.24646E-05
91.0548	0.00929231	0.009634391	0.00468062	0.00289179	0.00598957
92.0262	0.000144632	0.000577441	0.00069773	0.000400531	0.000265171
92.0581	0.000703488	0.000728892	0.000354863	0.000218572	0.000454588
92.0626	0.00156185	0.001395229	0.000894352	0.000403449	0.000923973
93.0296	9.63551E-06	3.76989E-05	4.41888E-05	2.56859E-05	1.81559E-05
93.034	0	0.00068489	0.00128336	0.000583022	0.000116578
93.0704	0.00718433	0.004478323	0.00205586	0.00229172	0.00294503
93.9377	1.27712E-05	8.27013E-06	5.95397E-06	5.63036E-07	2.20682E-05
94.0055	1.61184E-05	2.13659E-05	0.000269199	0.000101213	2.30633E-05
94.0374	0	4.60002E-05	8.07757E-05	3.65995E-05	9.34184E-06
94.0419	0.000347679	0.001875066	0.00164745	0.00051451	0.000782178
94.0738	0.00054399	0.000338864	0.00015525	0.000173355	0.000223705
94.0782	0.00172378	0.001306855	0.000830279	0.000552055	0.000703091
94.9455	2.62358E-05	1.91552E-05	0	0	6.87294E-05
95.0133	0.000321869	0.001034169	0.000732558	0.000524288	0.00051111
95.0452	2.27758E-05	0.00012189	0.000107205	3.31658E-05	5.10189E-05
95.0497	0	0.002354001	0.00344308	0.0020727	0.00188857
95.0816	0.000130416	9.92622E-05	6.25883E-05	4.14771E-05	0.000053814
95.0861	0.0147735	0.005010329	0.00190068	0.00341165	0.00219351
96	0	0	0.000262596	0.000145999	1.99359E-05
96.0211	0.000318028	0.001049441	0.000738021	0.000997693	0.000783089
96.053	0	0.000154177	0.000226347	0.000134196	0.000121123
96.0575	0.000229784	0.000978905	0.00158132	0.0010367	0.000904201
96.0894	0.00111949	0.000378874	0.000142414	0.000258614	0.000166443
96.0939	0.00212295	0.00116759	0.000518037	0.000387264	0.000434376
97.0078	0	0	0.000102853	0	4.26358E-05
97.029	0.00060842	0.001788271	0.0013605	0.00259506	0.00146621
97.0609	1.48364E-05	6.41703E-05	0.000102633	6.69635E-05	5.88876E-05
97.0653	0.000151177	0.001514601	0.00189368	0.00190483	0.0014602
97.0973	0.000160835	8.85063E-05	3.94184E-05	2.90884E-05	3.34727E-05
97.1017	0.0125447	0.002562884	0.00123514	0.00188056	0.000447841
98.0004	0.000195115	6.9162E-05	0.00257323	0.000433273	0.00212143
98.0112	0	0	1.66786E-05	0	7.68573E-06
98.0368	0.000376312	0.001183419	0.000998906	0.00174388	0.000695022
98.0687	1.22484E-05	9.71096E-05	0.000123684	0.000124007	0.000094801
98.0732	0.000607592	0.001330991	0.000648065	0.000520116	0.000767952
98.1051	0.00095132	0.000194643	0.000091088	0.000142088	3.38962E-05
98.1096	0.000813122	0.000391589	0.000185586	6.32611E-05	0.000117068
99.0082	9.37791E-05	0.000213651	0.000680391	0.00125261	0.000615355
99.0235	0	0.000122331	0.000214771	8.79602E-05	0
99.0446	0.000496082	0.00133914	0.00204526	0.00260499	0.00187666
99.0765	4.21387E-05	8.53495E-05	0.000042618	3.36753E-05	5.04964E-05
99.081	0.000341134	0.00047543	0.000505011	0.000740122	0.000471247
99.1129	6.23345E-05	3.10323E-05	1.28366E-05	3.59476E-06	0.000010066
99.1174	0.00212145	0.000264109	0.00011692	0.0002859	1.35949E-05
99.9619	2.49767E-06	6.81713E-06	0.000665534	3.16977E-06	0.000526027
100.016	4.25986E-05	9.54526E-05	0.000350841	0.000533874	0.000404063
100.027	5.21463E-06	1.42929E-05	2.14821E-05	1.51594E-05	0
100.031	0	0.000310816	0.000579879	0.000200501	0
100.052	0.000215497	0.000397414	0.000768417	0.000728229	0.000485783
100.084	2.26791E-05	3.10946E-05	3.21926E-05	4.77777E-05	3.13183E-05
100.089	4.72417E-05	8.74165E-05	0.000124504	0.000112776	2.94473E-05
100.121	0.000161483	2.00437E-05	7.76751E-06	2.16115E-05	1.5514E-06
101.024	0.000066819	0.00039863	0.00112758	0.0013234	0.000502891
101.039	0.000310156	0.000780773	0.00117261	0.000427818	0
101.06	0.000348616	0.000590564	0.000732068	0.000739059	0.000363088
101.092	3.80682E-06	5.91075E-06	7.28346E-06	7.03529E-06	3.1917E-06
101.097	8.36977E-05	7.33244E-05	3.05608E-05	0.000143823	0.000014569
101.995	5.94423E-06	0	0.000132699	0	1.59875E-05
102.032	0.000112238	0.000334867	0.000573026	0.000637555	0
102.043	3.14825E-05	7.16305E-05	7.12768E-05	2.91115E-05	2.53178E-05
102.047	0.000529414	0.001365327	0.000520829	0.000286522	0.000559433
102.068	0.0001758	0.000305768	0.000339775	0.0002572	4.77744E-05
102.1	5.77911E-06	5.48009E-06	1.57111E-06	8.61993E-06	2.61797E-06
102.104	1.02321E-05	3.08997E-05	0	1.55776E-05	2.3695E-06
103.018	7.25317E-05	2.3388E-05	0.000533085	0.000106799	0.000151476
103.039	0	0.000169645	0.000402058	0.000395216	0
103.05	4.60016E-05	0.000118106	4.47511E-05	2.49609E-05	4.87965E-05
103.055	0.0011128	0.001874347	0.00101863	0.000538056	0.000940862
103.076	0.000252491	0.000554841	0.000186496	0.000223486	0.00011876
103.108	8.653E-07	2.65376E-06	0	7.82561E-07	9.73037E-07
104.022	7.16588E-06	2.24791E-06	3.81437E-05	8.46229E-06	1.26298E-05
104.026	0.00024432	0.000287961	0.000603261	0.000534737	0.000365301
104.047	0	8.32762E-06	0.000391352	5.00481E-05	0
104.058	9.59281E-05	0.000162359	9.02026E-05	4.63327E-05	8.03571E-05
104.063	0.00096396	0.001223406	0.000499818	0.000394354	0.000598546
104.079	1.35663E-05	3.09277E-05	8.57113E-06	1.11171E-05	8.7581E-06
105.034	0.000119451	0.000824351	0.00163294	0.00108654	0.00049279
105.066	8.35091E-05	0.000106021	4.35355E-05	3.39711E-05	5.20821E-05
105.07	0.0059551	0.004367206	0.00146946	0.00144725	0.00214215
106.037	0.000011994	6.21721E-05	0.000121123	8.26403E-05	3.76503E-05
106.042	0.000142857	0.0008959	0.000626794	0.00032864	0.000253958
106.074	0.000515796	0.000377647	0.000126896	0.00012501	0.000185854
106.078	0.00122983	0.000891162	0.000655458	0.000276384	0.000482259
107.013	4.79481E-05	8.16943E-05	0.000249509	0.000114099	5.08708E-06
107.045	1.06811E-05	6.81713E-05	4.71774E-05	2.45046E-05	1.97957E-05
107.05	0.000215178	0.001994258	0.00166016	0.00055023	0.0006475
107.082	0.000106691	7.72828E-05	5.66142E-05	2.37575E-05	4.21873E-05
107.086	0.0042854	0.002892925	0.000943567	0.00127848	0.00147031
108.021	0.000102052	0.000435198	0.000376574	0.00027161	0.000126969
108.053	1.63309E-05	0.000151487	0.000125385	4.12545E-05	4.95393E-05
108.058	0.000196771	0.000900076	0.00108236	0.000541646	0.000535207
108.089	0.000370555	0.000250818	8.12519E-05	0.000109978	0.00012797
108.094	0.00100675	0.000675862	0.000346659	0.000309857	0.000376383
109.029	0.000260831	0.000961623	0.000760453	0.000673465	0.000423635
109.061	1.48094E-05	6.87771E-05	0.000081436	4.05615E-05	0.000041037
109.065	0	0.00118	0.00181224	0.00126223	0.00102182
109.097	8.70129E-05	5.88564E-05	2.97083E-05	0.000026453	3.31634E-05
109.102	0.00738446	0.002261581	0.000673228	0.00170537	0.000892819
109.967	3.97223E-06	1.51504E-06	5.49894E-06	0	4.48502E-06
110	2.98284E-06	9.44499E-06	0.000200954	5.29803E-05	1.41765E-05
110.037	0.000210888	0.001101226	0.000867528	0.000672162	0.000580196
110.069	0	9.01353E-05	0.000143724	9.51112E-05	7.72978E-05
110.073	0.000103548	0.000595644	0.000787777	0.000463317	0.000376333
110.105	0.000640096	0.000195343	5.75517E-05	0.000147884	7.72657E-05
110.11	0.000825423	0.000397987	0.0001752	0.000157661	0.000125838
111.023	4.91682E-06	0.000104848	0.000378475	0.000194906	6.30531E-05
111.045	0.000529554	0.000818497	0.0015506	0.00165834	0.00106657
111.076	8.04003E-06	4.57232E-05	5.93256E-05	3.45607E-05	2.91089E-05
111.081	0.000170672	0.000738155	0.00083294	0.000983854	0.000691408
111.113	7.12916E-05	3.48862E-05	1.46886E-05	1.32541E-05	1.17599E-05
111.117	0.00422344	0.000730782	0.000357014	0.000683664	9.59762E-05
112.016	0.000051834	6.51392E-05	0.000275332	0.000238919	0.000150745
112.027	3.01526E-06	1.15144E-05	3.08029E-05	1.76815E-05	1.14195E-05
112.031	1.94177E-05	0.000165796	0.000263666	0.000172342	0
112.052	0.00019693	0.000407272	0.000825716	0.000668943	0.000447861
112.084	1.65893E-05	5.45253E-05	6.50776E-05	7.60048E-05	5.03622E-05
112.089	0.000117905	0.000248058	0.000239734	0.000216606	0.000149214
112.121	0.000367063	6.3362E-05	2.68859E-05	5.91406E-05	9.74689E-06
112.125	0.000457502	0.000138574	0.000112538	4.25481E-05	4.38851E-05
113.024	6.01865E-05	8.09568E-05	0.000517377	0.000748766	0.000349914
113.035	6.74326E-06	1.68886E-05	2.38643E-05	1.98857E-05	0
113.039	0.000278739	0.000660889	0.000501159	0.000382771	2.33156E-05
113.06	0.000300688	0.000539605	0.000831259	0.000806317	0.000611521
113.092	9.7708E-06	1.89818E-05	1.75921E-05	1.62184E-05	1.20843E-05
113.097	0.000186096	0.000183165	0.000165706	0.000341526	0.000129812
113.129	4.03508E-05	1.19764E-05	1.10987E-05	4.20627E-06	3.02311E-06
113.133	0.00103917	0.000116718	5.77198E-05	0.000125361	2.30192E-05
114.032	2.00283E-05	5.40872E-05	0.000546052	0.000365684	0.000107067
114.043	2.74629E-05	6.57665E-05	4.14534E-05	3.41436E-05	1.00991E-05
114.047	0.000146169	0.000481203	0.000305148	0.00014663	2.88256E-05
114.068	0.000130785	0.000241446	0.000440968	0.000318301	0.000169496
114.1	1.63598E-05	1.3828E-05	9.95834E-06	2.60008E-05	1.19101E-05
114.104	1.61623E-05	4.93363E-05	3.96185E-05	4.48485E-05	4.94973E-06
114.136	9.02613E-05	1.02141E-05	4.6508E-06	1.10389E-05	2.06727E-06
115.003	0	3.8706E-06	0.00052259	2.57531E-06	6.08087E-05
115.05	1.58899E-05	4.76621E-05	2.41245E-05	1.25742E-05	8.63427E-06
115.055	0.00217253	0.003875595	0.00217312	0.00136081	0.00176013
115.076	0.000759637	0.001369193	0.000255292	0.00012507	0.000455199
115.108	1.83512E-06	4.14566E-06	2.55012E-06	3.29161E-06	1.76804E-06
115.112	5.79697E-05	0.000172529	0	0.000169735	0.000020965
116.011	1.69844E-06	7.02886E-06	0.000217852	0	3.94092E-05
116.047	6.35926E-05	0.000328834	0.00061954	0.000354342	2.45049E-05
116.063	0.000754868	0.001057115	0.000535687	0.000149027	0.000407517
116.084	0.000207366	0.000361733	0.000158142	0.000181709	8.65639E-05
117.034	2.17482E-05	0.000264517	0.000683483	0.000216797	0.000104054
117.07	0.00210728	0.002073927	0.0013627	0.000494063	0.000913171
117.092	0.000638111	0.000582432	5.90775E-06	0.00015716	0.000283741
118.042	0.000227888	0.000711813	0.000695299	0.000439801	0.000320812
118.078	0.00110332	0.001032039	0.000563101	0.000307451	0.000458973
119.013	0.000120379	5.01109E-05	0.000223645	0.000131368	0.000119471
119.05	6.09966E-05	0.000974631	0.0011644	0.000597894	0.000269025
119.086	0.00413605	0.002413067	0.00063825	0.000810549	0.00105976
120.021	0.000144672	0.000178851	0.000342457	0.00029649	0.000131374
120.058	0.000216295	0.00086418	0.000750157	0.000420517	0.000279196
120.094	0.00116578	0.000803128	0.000410662	0.000245868	0.000333506
121.029	0.000345963	0.000784407	0.00058103	0.000765814	0.000282249
121.065	0.000196611	0.001232346	0.00113989	0.000630044	0.000518649
121.102	0.00279158	0.00189398	0.000414724	0.00065387	0.000708707
122.037	0.000222161	0.00108056	0.000513675	0.000385168	0.000302652
122.073	0.000149421	0.000801681	0.000680842	0.000326153	0.00033787
122.11	0.000760455	0.000516247	0.000192199	0.000158574	0.000207357
123.008	0	5.15981E-05	0.00030993	0.000143632	9.18627E-05
123.045	0.000316052	0.001618227	0.000597889	0.000486351	0.00044666
123.081	0	0.000938541	0.000905978	0.00056075	0.000464099
123.117	0.00335677	0.000934348	0.00023149	0.000705916	0.000313364
124.016	5.82929E-05	8.58068E-05	0.000277853	0.000231578	8.83779E-05
124.052	0.000159937	0.000868844	0.0005622	0.000443301	0.000327039
124.089	8.79258E-05	0.000427593	0.000380717	0.000202507	0.000196826
124.125	0.000675015	0.000271081	9.76364E-05	0.000104031	8.98906E-05
125.024	9.80252E-05	0.000400253	0.000477336	0.000445347	0.000269155
125.06	0.000287499	0.000804186	0.00071639	0.000872151	0.000552806
125.097	0.000104905	0.000392676	0.000361216	0.000402457	0.000279106
125.133	0.00130705	0.00026671	8.88919E-05	0.00023921	5.26167E-05
126.032	0	9.79937E-05	0.00048495	0.00027871	8.55228E-05
126.047	0.000175311	0.000766336	0.000364368	0.000165012	0
126.068	0.000181476	0.000384727	0.000456176	0.000442779	0.000208749
126.104	6.29291E-05	0.000128601	0.000119372	0.000131568	6.30561E-05
126.141	0.000325311	7.55198E-05	0.00005428	0.000044654	2.15136E-05
127.039	0	4.48844E-05	0.000889479	0.000561913	0.000128951
127.055	0.000602095	0.001338674	0.000496746	0.000386502	0.000199289
127.076	0.000343967	0.000587677	0.000460078	0.000505946	0.000328941
127.112	0.000149142	0.000166287	0.000107636	0.000190784	4.57051E-05
127.149	0.000522081	6.82697E-05	1.84295E-05	8.09586E-05	1.13154E-05
128.063	0.00138966	0.002099072	0.00157091	0.000598535	0.000765409
128.084	0.000586391	0.000946926	0	0.000145317	0.000333386
129.034	0.000392125	7.21957E-05	0.00123414	0.000375742	4.97906E-05
129.07	0.00179361	0.001147555	0.00210088	0.00046072	8.33634E-05
129.092	0.000722603	0.00105034	0	0.000274508	0.000321452
130.042	0.000127183	0.000269108	0.000618339	0.000284647	6.03512E-05
130.063	2.32398E-06	3.266E-06	1.82294E-05	0	3.59915E-06
130.078	0.000973059	0.001058714	0.000519198	0.000245758	0.000384902
131.05	0.000150818	0.001237163	0.000996064	0.000373897	0.000272379
131.086	0.0021861	0.001931573	0.000476016	0.000480174	0.000694952
132.057	0.000230502	0.000829275	0.000529263	0.000386983	0.000235819
132.094	0.000570568	0.000590945	0.000448041	0.000117088	0.00018217
132.115	6.25111E-05	6.27515E-05	0	3.50441E-05	0
133.029	0.000142218	0.000257769	0.00030929	0.000430365	0.000174191
133.065	0.000296318	0.000996173	0.00104714	0.000467769	0.00015531
133.102	0.00261719	0.001535467	0.000300715	0.000408955	0.000598456
134.016	2.62747E-06	0	8.46127E-06	0	1.74081E-05
134.037	0.000145371	0.000506496	0.000341036	0.000399167	9.99626E-05
134.073	0.00014989	0.000611634	0.00052377	0.000256237	0.000201921
134.109	0.000688663	0.000492293	0.000148557	0.000113869	0.000178446
135.023	0	0	4.56115E-05	0	1.96485E-05
135.045	0.000268453	0.000906121	0.0003496	0.000601815	0.000226428
135.081	4.09734E-05	0.000678452	0.000734569	0.00038578	0.000327409
135.117	0.0017997	0.00101071	0.000128766	0.000367439	0.000335938
136.016	5.11247E-05	8.27511E-05	0.000216422	0.000175311	4.22323E-05
136.052	0.000145231	0.000735706	0.000396835	0.00035737	0.000193692
136.089	6.75962E-05	0.000403343	0.000390091	0.000165965	0.000133627
136.125	0.000429827	0.000278308	4.69973E-05	8.22964E-05	9.09157E-05
137.024	7.98187E-05	0.000215678	0.000476746	0.000444224	0.000105386
137.06	0.000478603	0.002576496	0.000468652	0	0.000285273
137.097	9.60488E-06	0.000815501	0.000428441	7.07641E-05	0.000205035
137.133	0.00135454	0.000351204	5.07462E-06	0.000283955	0.000133356
138.032	1.99445E-05	0.000128414	0.000501889	0.000326013	0
138.068	0.000102072	0.000697551	0.000512585	0.00016429	4.57962E-05
138.105	5.28287E-05	0.000243139	0.000176861	9.29773E-05	5.69675E-05
138.141	0.000338819	0.000116508	6.15058E-05	6.36622E-05	2.20141E-05
139.04	4.12497E-05	0.000148158	0.00096892	0.000652446	8.77722E-05
139.055	0	0.000982667	0.000158542	0	0
139.076	0.000315703	0.000539995	0.000615088	0.000560489	0.000184753
139.112	5.20874E-05	0.000249579	0.000164655	0.000188738	6.05514E-05
139.149	0.000406761	8.92379E-05	2.17802E-05	9.81969E-05	3.80567E-06
140.011	0	1.46196E-05	0.000146306	2.64651E-05	0.000029177
140.047	0	0.000171191	0.000477877	0.000358102	0
140.063	3.78766E-05	0.000306262	0.000206397	0	0
140.084	5.55134E-05	0.000173655	0.000314943	0.000205004	0
140.12	2.26232E-05	7.76452E-05	6.46384E-05	5.47292E-05	4.39702E-06
140.156	0.000143495	3.42613E-05	1.88187E-05	2.60971E-05	1.02272E-06
141.019	0	2.26167E-05	0.000339605	1.73827E-05	7.04873E-05
141.055	0	7.28739E-05	0.000418266	0.000543411	0
141.07	0.000745281	0.000819115	0.00107355	0	0
141.092	0.000549039	0.000892213	4.11292E-05	0.000380485	0.000350975
141.164	0.000313309	0.000117487	0	0.00008072	3.17168E-05
142.042	1.46069E-05	7.40404E-05	0.000428661	0.000191135	1.36259E-05
142.078	0.000375982	0.000568706	0.00083239	0.00011417	0
142.099	0.000270948	0.000227979	0.000127116	7.36361E-05	1.77705E-05
142.136	9.86498E-06	5.44573E-05	1.62874E-05	2.36332E-05	0
143.034	2.50765E-05	3.62364E-05	0.000319455	0.00019637	1.74091E-05
143.05	7.74842E-06	1.28965E-05	8.08768E-05	0	0
143.071	0	0.000230785	5.09613E-06	0.000166947	0
143.086	0.000661965	0.000154023	0.000878113	0	0
143.107	0.000544579	0.00056785	0	0.000216777	0.000133627
144.042	2.08463E-05	3.73548E-05	0.000405039	0.000171761	0
144.057	0	0.000246541	5.05991E-05	0	0
144.079	0	0.000224396	0.000340836	4.56378E-05	0
144.094	0.000171639	7.4237E-05	0.00015568	0	0
144.115	8.15367E-05	0.000142206	9.94924E-05	2.27898E-05	0
144.151	1.31573E-05	2.14029E-05	0	1.18281E-05	0
145.05	0.000106561	0.000356326	0.000526832	0.000476263	5.68433E-05
145.065	0.000026564	3.02748E-05	8.34501E-05	0	0
145.087	0	0.000665173	9.36283E-05	0.000401805	0
145.102	0.000493698	0	0.000363418	0	0
145.123	0.00054427	0.000499273	4.83099E-05	0.000179713	7.24394E-05
146.037	6.86318E-05	0.000123879	0.000399536	0.000245126	3.87755E-05
146.073	0	7.49185E-05	0.000434634	3.76303E-05	0
146.094	0	0.00017669	2.08768E-05	3.70888E-05	0
146.131	8.00961E-05	0.000128616	0	4.37956E-05	0
147.008	2.61071E-05	2.02216E-06	0.000181644	7.01644E-06	4.35137E-05
147.045	0.000144662	0.000434251	0.000665103	0.000442298	0
147.066	0.000191583	0.000682089	0	0.000153891	0
147.081	0	1.98978E-06	0.000882746	5.84978E-05	0
147.117	0.00124839	0.000903159	1.89908E-05	0.000305605	0.000288256
148.016	0.000092534	4.08197E-06	0.000276503	0.000129954	9.01068E-05
148.052	0.000151746	0.000455322	0.000394704	0.000428459	4.81078E-05
148.074	4.33827E-05	0.000111505	2.30189E-05	0	0
148.089	0	4.68379E-05	0.000346829	3.27166E-05	0
148.11	2.12474E-06	7.14424E-06	2.45547E-06	2.33764E-06	1.16087E-05
148.125	0.000344446	0.000246141	7.08696E-05	9.47613E-05	0
149.045	0.000232038	0.000965919	0.000752819	0.000574057	0.0002004
149.097	0.000747495	0.000899073	0.000178552	0.000493963	0.000313774
150.032	0.000240818	0.000321725	0.000362507	0.000318512	0.000102613
150.068	0.000184918	0.000845037	0.00040669	0.000213407	0.000120772
150.105	0.000214689	0.000283092	5.53486E-05	0.000143873	9.51123E-05
151.04	0.000253099	0.00093655	0.000482089	0.000343592	0.000159455
151.076	0.000425537	0.001431047	0.000248148	0.000280395	0.000309089
151.112	0	0.000136816	0.000262295	0.000131448	1.02753E-05
151.149	0.000609118	0.000175958	0	0.000147062	2.86374E-05
152.047	0	5.14764E-05	0.000680011	0.000327286	0
152.063	0.000593465	0.001172813	0.000294062	0	0
152.084	0.000292986	0.000831991	0.000407961	0.00020005	0.000149404
152.12	2.68763E-05	0.000179492	5.75107E-05	5.09637E-05	0
152.156	0.000153073	7.10419E-05	1.53869E-05	4.11863E-05	9.99856E-06
153.019	0	5.05208E-05	0.000273411	4.14681E-05	0.000050198
153.055	0.000024434	0.000579186	0.000366149	0.000632019	0
153.07	0.000298114	0.000124497	0.000377645	0	0
153.092	0.000406431	0.000894778	4.4566E-06	0.000448576	0.000294473
153.164	0.000229484	0.00013664	0	8.71891E-05	4.12873E-05
154.027	0	3.70903E-05	0.000208988	7.50752E-05	0.000059297
154.063	2.35311E-06	0.000507433	0.000278334	0.000344183	0
154.078	0.00017154	5.14652E-05	0.000165115	0	0
154.099	0.000170841	0.000383598	7.97182E-05	0.000199579	4.64099E-05
154.172	9.77199E-05	5.81791E-05	8.09228E-06	2.99659E-05	0.000015474
155.034	7.95673E-06	0.000372153	0.000479808	0.000310128	5.37109E-05
155.071	0	5.5755E-06	4.73244E-05	0	6.76922E-06
155.086	0.00101683	0.00128977	0.000187077	0.000405966	0.00041018
155.18	0.00024432	0.000120515	0	6.76103E-05	3.66612E-05
156.042	6.48067E-05	0.000179152	0.000257743	0.000168652	5.85963E-05
156.079	0	6.30162E-05	0.000227437	3.97964E-05	0
156.094	0.000533365	0.000564631	9.04687E-05	0.000119505	0.000166022
156.188	4.96132E-05	3.85084E-05	0	2.06378E-05	3.60125E-06
156.977	0	1.56207E-06	2.53831E-05	0	0
157.05	0.000131453	4.27016E-05	0.000262726	0.000359316	0
157.065	0	0.00024129	0.000197052	0	0
157.087	0	3.8872E-07	3.56134E-06	0	6.85982E-06
157.102	0.00106162	0.000958784	0.000245257	0.000257902	0.000183401
158.037	2.49009E-05	5.19978E-05	0.000200804	0.000140002	1.69636E-05
158.073	0.000210948	0.000523868	0.000359846	9.90302E-05	0.000132085
158.109	0.000472427	0.000458318	0.000177572	2.81438E-05	0.000123996
159.045	0	2.21224E-05	0.000222325	8.79362E-05	3.67683E-05
159.066	0.00015003	0.000627385	0.000307969	0.000265794	5.42805E-05
159.102	0	1.54325E-05	0.000441698	0	0
159.117	0.00114473	0.000793018	0	0.000222433	0.000139062
160.016	1.55248E-05	1.02171E-06	0.000119712	2.79292E-05	1.76864E-05
160.052	7.59747E-05	0.000232232	0.000325328	0.000228821	0
160.074	3.24513E-05	0.000125933	0	1.32641E-05	5.98957E-06
160.089	0	7.40855E-05	0.000274952	1.79783E-06	0
160.11	2.88916E-06	8.11827E-06	1.02793E-05	0	0.000013663
160.125	0.000273811	0.000247617	4.12673E-05	7.68702E-05	4.05765E-06
161.024	8.98533E-07	1.27512E-05	0.000249719	6.50451E-05	6.89726E-06
161.039	6.49115E-06	9.91951E-07	4.56776E-06	3.81237E-06	4.45438E-06
161.06	0.000268833	0.000851579	0.0002517	0.00033237	0.000047435
161.097	0.000126794	0.000461895	0.000424039	0.000100213	0.000121473
161.133	0.000817103	0.000514722	2.94972E-05	0.000152778	0.000147862
162.032	0	2.84224E-05	0.000284057	0.000077885	4.53037E-05
162.047	0	0.000141329	6.16939E-06	5.33092E-05	0
162.068	0.00	0.00	0.00	0	0
162.105	4.36332E-05	1.56364E-05	0.000219403	0	0
162.141	0.00022259	0.00016587	1.68917E-05	5.27607E-05	0.000036477
163.04	0.000143635	0.000190461	0.000357094	0.00033921	0.000135879
163.076	0.000329431	0.000707612	9.36023E-05	0.00026419	0.000216137
163.112	0	0.000105733	0.000287899	0.000121069	0
163.149	0.00063844	0.000264885	0	0.000131889	7.72027E-05
164.011	6.09887E-06	5.44899E-06	0.000110657	0.000023592	4.53738E-05
164.047	0	0.000118824	0.000300225	0.000182371	0
164.063	9.10505E-05	0.000196833	9.80096E-05	0	0
164.084	9.24253E-05	0.000445574	0.000262255	6.51654E-05	7.12982E-06
164.12	1.53133E-06	0.000137266	8.94122E-05	5.34185E-05	5.82789E-06
164.156	0.000144642	6.58197E-05	0	0.000028937	1.44979E-05
165.019	9.85221E-05	6.13361E-05	0.000324438	0.000223937	8.00508E-05
165.07	0.000682427	0.001627042	0.000761553	0.000382671	0.000142386
165.092	0.000593295	0.000815311	0.000091074	0	0.000153408
165.128	0	0.00018913	0.000163194	0.000142178	0
165.164	0.000337293	8.8176E-05	0	5.34276E-05	0
166.027	4.60435E-05	5.09746E-05	0.000345648	0.000154402	2.80097E-05
166.078	0.000473914	0.001105666	0.000327179	0.000203911	0.000226218
166.172	0.000121237	0.000130405	0	4.64942E-05	2.77614E-05
167.034	0	5.38885E-05	0.000382548	0.000115373	0.000072069
167.071	0	0.001641384	0	2.26163E-05	0
167.086	3.12501E-05	2.18583E-05	0.000136681	0	0
167.107	0.000352457	0.000811302	0	0.000195848	0.000105686
168.042	7.79301E-05	0.000403719	0.00032944	0.000130977	4.26548E-05
168.094	0.000365956	0.001101337	0.00025236	0	0.000158484
168.188	7.18204E-05	5.47868E-05	0	2.26263E-05	1.17979E-05
168.993	4.85198E-06	0	5.15466E-05	0	2.38001E-05
169.05	6.79125E-05	0.000428208	0.000298434	0.000251805	7.91608E-05
169.102	0.000717575	0.000781793	0	0.000243532	0.000164651
169.196	0.000156245	7.56614E-05	0	4.21299E-05	1.41425E-05
170.073	0.000090823	0.000406125	0.000289129	0.000246249	9.42894E-05
170.109	0.000272344	0.000318026	0.000113138	0	5.61676E-05
170.203	3.10376E-05	2.96323E-05	0	1.56899E-05	1.85013E-06
171.066	0.000189967	0.0005622	0.00030997	0.000318782	0.000126218
171.102	0	1.68018E-06	1.29747E-05	0	0
171.117	0.000640395	0.000661117	0.000101462	0.000158052	0.000126178
172.074	0.000152783	0.000400315	0.000280985	0.000316285	6.72648E-05
172.089	7.31024E-06	1.69343E-06	1.03944E-05	0	0
172.125	0.000200951	0.000282907	0.000122853	2.75662E-05	0.000048361
173.024	2.84376E-05	3.51178E-06	0.000239794	0.000107451	1.61527E-05
173.06	0.000211367	0.000483455	0.000119272	0.000245116	8.54837E-05
173.097	0	0.000321337	0.000404869	8.92137E-05	0
173.133	0.000568822	0.000463415	0	0.000118692	0.000103854
174.032	7.73026E-05	2.10354E-05	0.000284847	0.000161472	2.40504E-05
174.068	0.00016691	0.000488689	0.000145845	0.000170297	4.54578E-05
174.105	1.50858E-05	0.000224632	0.000221464	2.65744E-05	0
174.141	0.000147486	0.000140836	2.70169E-05	0.000050028	9.36477E-06
175.04	0.000110183	0.000120246	0.00034815	0.000301223	9.24253E-05
175.076	0.000345444	0.000668925	0.000123954	0.000178339	5.41053E-05
175.112	0	0.000129975	0.000293141	9.27757E-05	0
175.149	0.000420259	0.000327875	2.37172E-06	9.45406E-05	6.19429E-05
176.047	7.74433E-05	0.000190975	0.000380566	0.000213909	1.46371E-05
176.063	8.60422E-06	4.98349E-06	0	0	3.85503E-07
176.08	0.000270588	0.000810177	0.0001943	0.000167649	0.00010037
176.156	0.000130465	0.000172149	2.10639E-05	5.68211E-05	4.18619E-05
176.983	2.6977E-06	2.00246E-06	1.49757E-05	0	3.94212E-06
177.019	2.71756E-05	1.33211E-05	1.18361E-05	0.000140784	0.000068416
177.055	7.50049E-06	0.000391795	0.000431533	0.000130756	0
177.07	0	2.50361E-06	2.95873E-06	0	2.10381E-07
177.092	0.000316791	0.000717743	5.06351E-06	0.000271159	0.000156502
178.027	0	0	0.00023194	2.33724E-05	2.08619E-05
178.078	0.000626677	0.001293513	0.000307019	0.00018216	0.000226899
179.034	0	6.321E-05	0.000332312	0.000165483	3.71197E-05
179.086	0.000617239	0.001175129	0.000228658	0.000223165	0.000248232
180.094	0.000358523	0.000893305	0.000225947	0.000162064	0.000144859
181.087	0.000183232	0.00183298	0.000318484	0.000165523	0.000122044
181.102	0.000179461	2.27951E-05	0	0	0
