PMF_m/z	HOA	BBOA	OOA1	OOA2	OOA3
12	0.00188928	8.7782E-10	0.0160267	0.00942587	0.0197302
13.0078	0.000929967	0.000817167	0.00395644	0.00438986	0.00455504
15.0235	0.00861111	0.0270343	0.0254883	0.0262671	0.0222531
15.9949	0.000040273	0.000127775	0.00212542	0.00128583	0.0021023
16.0313	3.51028E-10	0.0117467	0.0527817	0.00963379	0.0192901
17.0027	0.000253161	0.000799157	0.0132752	0.00804782	0.0130826
18.0106	0.00101327	0.00320305	0.0531008	0.0321913	0.052331
21.9949	6.12418E-05	4.34146E-05	0.00199294	0.000812041	0.00267833
24	0.000131081	9.81242E-10	0.00131494	0.00119732	0.00147373
25.0078	0.00111589	0.000360859	0.00301551	0.00402451	0.00436555
26.0156	0.00711101	0.00715884	0.0123492	0.0204736	0.0178846
27.0109	0.0022897	0.0036991	0.00574902	0.0053443	0.00626896
27.0235	0.0366802	0.0416043	0.0137293	0.0361316	0.021883
27.9949	0.0045034	0.0142363	0.236005	0.143074	0.232568
29.0027	0.00193958	0.0182094	0.019263	0.0450547	0.00245698
29.0391	0.0283606	0.0267957	0.00633386	0.0164434	0
30.0106	0.0124165	0.0381068	0.0314519	0.031794	0.0193859
30.0469	5.2085E-10	5.88669E-10	0.00195391	0.00279418	0.00101389
31.0184	0.000940633	0.0137515	0.00815809	0.00934701	0.0095863
37.0078	0.00192601	0.00204239	0.00222816	0.00425035	0.00344404
38.0157	0.00406028	0.00421477	0.00351749	0.00724483	0.00520529
39.0235	0.0515963	0.0338527	0	0.0242854	0.0379375
40.0313	0.00221469	0.000113875	0.00570039	0.0108359	0.000647908
41.0027	7.20521E-11	0.00639192	0.00121796	0.00333563	0.0117002
41.0391	0.0961636	0.0468918	0.00865364	0.0293629	0.0133743
42.0106	0.000549012	0.0116041	0.0176446	0.0187672	0.0238276
42.047	0.0175547	0.00955005	0.00104699	0.00573982	0.00321735
43.0184	0.00447019	0.0660564	0.025513	0.0599375	0.0444602
43.0548	0.0783332	0.0175224	0.00252595	0.0123645	0.00132589
43.9898	0.0045034	0.0142363	0.236005	0.143074	0.232568
44.0262	1.73694E-10	0.00981752	0.0194207	0.0147848	0.0058281
44.0626	0.000867222	0.0026462	3.52135E-06	0.000534401	0
44.9977	0.000588756	0.00340556	0.00963445	0.00380524	0.00847273
45.034	0.00086645	0.00633723	0.00173402	0.00358239	0.00241481
46.0055	5.36834E-12	1.20142E-11	0.00180097	0.00377447	0.00108774
46.0419	7.19319E-06	0.00281653	0.000377093	0.000319882	0.000345141
47.0133	6.48324E-05	0.00149623	0.00116095	0.00081948	0.00112894
48	8.83294E-05	0.00609388	0.0344082	0.00172625	0.000524433
49.0078	6.81019E-11	5.84653E-10	0.000163957	0.00116935	0.00120212
50.0157	0.00385753	0.00423897	0.0028246	0.00610248	0.00442061
51.0235	0.00659366	0.00755275	0.00257631	0.00795432	0.00477363
52.0061	0.000239196	0	0.000269955	0.000455237	0.000389743
52.0313	0.00291758	0.00332345	0.00208446	0.00508232	0.00358602
53.0027	1.63214E-10	0.00290976	0.00193875	0.00257874	0.00258865
53.0391	0.0120216	0.0136148	0.00276233	0.0091597	0.0049576
54.0106	2.58765E-10	0.000105996	0.00240057	0.00277701	0.00284278
54.047	0.0119278	0.00585332	0.00135196	0.00527052	0.00201611
55.0184	0.00573666	0.0205402	0.00631199	0.0153049	0.0105297
55.0548	0.0804467	0.0203831	0.00341303	0.0119947	0.00370296
55.9898	1.59938E-10	2.10344E-10	0.000266867	0.000315669	0.00067903
56.0262	1.67792E-09	0.00437628	0.00199906	0.00425722	0.00310115
56.0626	0.0247557	0.00379786	0.000968514	0.00323436	0.00145896
57.034	0.0042167	0.0150218	0.00124076	0.00590233	0.00307647
57.0704	0.0645831	0.00062108	0.00119303	0.00285823	0.00126488
58.0055	1.89512E-10	0.000562864	0.00130886	0.00122369	0.00198444
58.0419	0.000298586	0.00439326	0.00128038	0.00509785	0.00240947
59.0133	1.89611E-05	0.000903463	0.0004514	0.000534341	0.000692344
59.0371	0.000319854	0.00411933	0.000188125	0.000167293	0.000488191
59.0497	0.00035854	0.0028887	0.000471058	0.00155057	0.000998242
59.967	3.65798E-05	0.000375362	0.00090931	0.000270361	0.000811271
59.9767	0.00115638	0.00814993	0.00103948	0	0.00164991
60.0211	0.000585028	0.0108025	0.00130557	0.00307365	0.00166352
60.0575	1.45057E-05	0.000309631	0.000171074	0.000337985	8.95005E-05
60.9926	0.000102028	0.00195094	6.80883E-05	4.10546E-05	8.42982E-05
61.0078	0.000335529	0.00174002	0.000143085	0.000241635	0.000451379
61.0289	0.000339831	0.00204782	0.000314519	0.000822646	0.000326228
61.9826	3.29297E-06	6.59859E-05	0.00083086	0.000241596	0.0002889
62.0157	0.00105798	0.00145658	0.000559001	0.00126629	0.000946163
62.9905	0.000307069	0	0.00123729	0.000304646	0.000439796
63.0235	0.00321509	0.0040143	0.000837885	0.00262504	0.00168994
63.032	0.00011523	0	0.000270958	0.000217877	9.91391E-05
64.0313	0.00111071	9.4507E-10	0	0	0.000416998
65.0391	0.00638848	0.00744992	0.00126204	0.00519942	0.00263653
66.0106	5.94548E-05	8.7765E-11	0.00229035	0.000622108	0.000574081
66.047	0.00309651	0.00259194	0.000624123	0.00274337	0.00165199
67.0548	0.0333191	0.00743837	0.00106549	0.00768218	0.0025881
67.9898	2.97947E-11	2.60977E-11	0.000376784	0.000323855	0.000678441
68.0262	1.18098E-10	0.00286714	0.00189964	0.00355192	0.00271148
68.0626	0.0110387	0.00451044	0.000622296	0.00257258	0.00077118
68.9977	7.51905E-11	0.00178952	0.00144508	0.00109945	0.00181338
69.034	0.00160545	0.00528339	0.00147436	0.00375057	0.00241131
69.0704	0.0437698	0.00723526	0.00094757	0.00453982	0.000810037
70.0055	1.39068E-10	0.000519763	0.000317581	0.000365169	0.00104655
70.0419	7.0168E-11	0.00552879	0.000775079	0.00300315	0.00140351
70.0782	0.0145013	0.00302337	0.00104678	0.000697119	0.00138837
71.0133	3.15486E-11	0.00206922	0.00138726	0.001331	0.00243157
71.0497	0.00161549	0.00532967	0.000676766	0.00305303	0.00133716
71.0861	0.0260232	4.9845E-10	0.000427009	0.00120236	0.000517619
72.0211	1.72039E-05	0.000855488	0.000541068	0.00059821	0.000561908
72.0575	0.000181846	0.000345609	0.000326097	0.000708232	0.000725068
72.0939	6.51545E-11	3.12111E-11	0.000071783	9.80855E-05	0.000120206
73.0078	2.39427E-10	0.000833657	0.000173608	0.000312473	0.00038617
73.0402	1.39056E-05	2.83946E-11	0.000462104	0.000243433	0.00204576
74.0156	0.00091888	0.00118673	0.000561883	0.000766126	0.0008093
74.0368	0.000255334	0.00168576	0.000285213	0.000680958	0.000537397
74.0732	4.92202E-05	0.000237923	8.96239E-05	7.79002E-05	0.000140647
75.0235	0.00071633	0.00131749	0.000268411	0.000225157	0.000788141
75.0446	3.10963E-11	2.18394E-11	0.000150637	0.000264186	0.000163363
76.0035	0	0	0.000425876	0.00031083	0.000187671
76.0313	0.0011727	0.00163294	0.000639998	0.00105832	0.00124843
77.0027	1.58758E-08	2.59898E-07	0.00030469	0.000582705	0.000346964
77.0391	0.0106343	0.0111056	0.000718911	0.00557821	0.00267741
78.047	0.00405543	0.00250168	0.00059811	0.00278194	0.00151827
78.9854	3.29848E-10	0.000436668	0.00312975	0	0.00111369
79.0548	0.0168244	0.0121076	0.000763346	0.00650219	0.00229805
79.9898	0.00102091	0.00427396	0.0233164	0.00024476	0.000441656
80.0262	0.000255522	0.00138602	0	0.0010101	0.000770867
80.0626	0.00426424	0.00309402	0.000376604	0.00162698	0.000441287
81.034	0.000936717	0.00393669	0.000318481	0.00270931	0.00170407
81.0704	0.0232268	0.00734318	0.000466246	0.00366991	0.000377607
82.0055	1.01189E-07	0.000205903	0.000514489	0.000450069	0.000514894
82.0419	0.000264313	0.00270309	0.000537105	0.00224658	0.00146715
82.0782	0.00818267	0.0019213	0.000298155	0.00127206	0.000168355
83.0133	3.68082E-11	0.00115922	0	0.000277342	0.00065091
83.0497	0.00105019	0.00582937	0.000472498	0.0028317	0.000399908
83.0861	0.0222009	0.00112822	0.00061607	0.00135917	0.000515557
84.0211	2.97605E-11	2.51178E-11	0.000374289	0.000741541	0.000766061
84.0575	1.30155E-10	0.00310379	0.000347298	0.00146429	0.000524543
84.0939	0.000164516	1.5195E-10	0.000268952	0.00112439	0.000259196
85.0078	8.33401E-11	0.000151228	0.000378946	0.000265321	0.000319764
85.029	4.93394E-11	0.00347782	0.000718345	0.00138205	0.00173003
85.0653	0.00116377	0.00122876	0.000384066	0.00102904	0.00043173
85.1017	0.0124065	6.78947E-10	4.91101E-05	0.000469426	8.91893E-05
86.0156	0.000194222	0.000142652	0.000126654	0.000170366	0.000195866
86.0368	2.723E-11	0.000661362	0.000301654	0.000471996	0.000482464
86.0732	0.000151731	4.91334E-05	8.01554E-05	0.000195194	0.00014203
86.9956	0.000121517	0.000404818	0.000444119	8.79555E-05	0.000427163
87.0082	1.41583E-11	2.25136E-05	0	0	2.32163E-05
87.0446	0.000313556	0.00146091	0.000250112	0.000670264	0.000526808
87.081	4.80686E-05	0.000180625	7.43894E-05	0.000140183	7.37793E-05
87.9949	2.05717E-05	0.000826677	8.72748E-05	4.91981E-05	0.000134677
88.0399	7.98709E-05	0.000363712	2.55575E-05	1.00326E-05	5.51098E-05
89.0027	2.5176E-06	3.91427E-05	9.77416E-05	4.18493E-05	6.56361E-05
89.0391	0.00147639	0.00173348	5.87047E-05	0.000589307	0.000549791
89.0603	8.94392E-12	6.37969E-12	0.000140478	0.000273157	2.33452E-05
89.9775	3.99884E-05	0.000191476	1.34103E-05	1.35821E-06	4.45947E-05
90.047	0.000312287	0.000515424	5.31265E-05	0.000218806	0.000163282
90.0681	1.71774E-05	0.00073583	4.85518E-05	8.36119E-05	4.57751E-05
91.0548	0.0170627	0.0119267	0.000539601	0.00638449	0.00203913
91.9898	0.000190306	0.00185592	0.000154825	5.21943E-06	0.000252254
92.0626	0.00274892	0.000945664	0.000160573	0.000976702	0.000438746
92.9977	0.00014423	0.00177313	0.000207342	3.41211E-05	0.000189918
93.0704	0.00879334	0.00496217	0.000148833	0.00226916	0.000396372
93.9725	5.74173E-05	0.000466107	3.59468E-05	4.18343E-06	5.64468E-05
94.0055	0	0	9.70186E-05	0.000113634	0.000110065
94.0419	1.21363E-10	0.000999838	0.00037205	0.00142083	0.000813425
94.0782	0.00260662	0.000803929	9.92983E-05	0.000754685	0.000157768
94.9496	0.000102032	0.000652506	3.93997E-05	0	1.96216E-05
95.0133	2.63662E-11	0.000518837	0.000326251	0.000815656	0.000554855
95.0497	0.000386812	0.0043362	0.000316783	0.00218916	0.000732527
95.0861	0.0155217	0.00344174	0.000290487	0.00167155	0.000196197
96.0211	0.000025732	0.00285381	7.98364E-05	0.000725051	0.000600341
96.0575	4.94155E-11	0.000122069	0.000393457	0.00119212	0.000602753
96.0939	0.00195248	1.41828E-10	8.13544E-05	0.000711249	7.65858E-05
97.0078	9.25609E-06	0.00110734	0.00058486	0.000205464	0.000313558
97.029	4.35018E-11	2.05003E-05	7.24674E-05	0.000700495	0.000743042
97.0653	1.90472E-10	0.00642826	0.000304304	0.00138229	0.000122678
97.1017	0.0133453	0.00321893	0.000172669	0.000221297	7.69983E-05
98.0156	9.58779E-06	6.1607E-11	0.00446177	0.00027129	0
98.0368	4.98821E-11	9.60694E-12	0	0.000413474	0.000778712
98.0732	0.000788649	4.92124E-11	4.44813E-05	0.000858106	6.30947E-05
98.1096	0.00148896	0.000331734	0.000049141	0.000114862	0.000118652
99.0082	3.02127E-11	1.97633E-05	0.000029836	6.30502E-05	0.00006222
99.0446	2.41567E-11	0.00258752	0.000270907	0.000963648	0.000766908
99.081	0.000233713	3.36472E-11	0.000144544	0.000394355	0.000179469
99.1174	0.00224039	7.63231E-10	5.06539E-05	4.90935E-06	9.56586E-05
99.9949	2.68329E-05	0.00106131	0.000511839	4.62466E-05	0.000187505
100.031	1.0305E-10	3.06108E-11	0.000270187	0.000222447	0.000195258
100.052	7.0221E-11	1.67828E-11	6.87727E-05	0.000148879	0.000146605
100.089	4.45508E-06	6.79228E-11	4.59556E-05	7.21466E-05	7.35344E-05
101.003	0	0	0.000147976	0.000100197	0.000145531
101.024	2.94318E-06	0.000202948	0.000325737	0.000102047	0.000489978
101.039	0.000379708	0.000490154	8.98967E-05	0.000151642	0.00013788
101.06	1.22212E-10	9.41504E-06	8.40535E-05	0.000258504	0.000101946
102.047	0.000836667	0.0006531	0.000143594	0.000709547	0.000443147
102.991	5.07988E-05	0.00146337	0.000118768	0.000017353	0.000212477
103.039	1.66546E-10	0.00007302	0.000185876	0.000431936	0.00042906
103.055	0.00221987	0.00185813	5.59336E-05	0.000161975	0.000656545
103.99	0.000258015	0.00123037	0.0001691	2.29829E-05	0.000303909
104.026	2.30283E-11	3.00461E-10	0.000493108	0.000332876	0.000993859
104.063	0.000605744	0.00125636	3.81133E-05	0	0.000102614
105.043	0.00007938	0	3.73671E-05	6.06484E-06	1.80784E-05
105.055	0.000414191	6.50392E-10	0	0	0
105.07	0.00814384	0.00342891	0.000135345	0.00196386	0.00023463
106.042	2.8471E-11	5.48939E-11	0.000197382	0.000549486	0.000351734
106.078	0.00185464	0.000265002	5.27611E-05	0.000454579	0.000238276
107.037	0.00018446	0.00101538	2.69157E-05	9.14775E-06	0.000112728
107.05	1.7975E-11	2.60595E-11	0.00010342	0.00075361	0.000228572
107.086	0.00513106	0.00186254	8.76916E-05	0.00110327	9.59036E-05
108	0.000166799	0.000372305	5.97853E-05	3.1785E-07	9.04047E-05
108.021	3.17383E-11	0.00014238	8.28365E-05	0.00016628	0.000109043
108.058	0.000268141	0.0011351	0.000164927	0.000705544	0.000424437
108.094	0.00142785	0.000607418	4.11571E-05	0.000397611	0.000069739
109.008	3.75925E-11	6.81087E-11	0.000040043	0.000045443	9.11027E-05
109.029	1.31919E-11	5.33536E-11	8.67345E-05	0.000340046	0.0001812
109.065	0.000108132	0.00222902	0.000142182	0.00109506	0.00026938
109.102	0.00730295	0.00105189	9.37304E-05	0.00068753	2.49491E-05
110.016	3.55264E-05	2.19319E-10	0.000131573	0.000122662	0.000155619
110.037	2.1784E-11	0.000929022	0.000066246	0.000427724	0.000255292
110.073	0.000219925	0.000481629	8.42387E-05	0.000382794	0.000168563
110.11	0.0014712	0.000317876	7.70396E-05	0.000118453	0.000117978
111.023	2.93733E-05	8.41902E-11	0.000116004	9.49279E-05	0.000134158
111.045	7.04593E-12	0.000914332	0.000162076	0.000567261	0.000383187
111.117	0.00435018	3.66004E-10	6.57623E-05	0.000115071	0.000102671
111.995	8.33412E-05	0.000272194	0.000107334	2.97874E-05	0.000181686
112.031	5.67334E-06	9.36833E-11	3.13953E-05	0.000145058	0.000217338
112.125	0.000877536	0.000112822	0.000332298	0	0.000681755
113.003	2.45858E-05	0.000517139	0.000206791	9.03573E-05	0.000257502
113.039	0.000130254	0.000644159	6.60633E-05	0.000453474	0.000378362
113.133	0.00132515	4.64154E-10	0.000290076	0	0.000514102
114.019	5.80075E-05	0.000337151	2.77777E-05	4.11682E-05	5.92864E-05
114.047	0.000135405	0.000629079	6.26799E-05	0.000142214	9.65555E-05
114.104	9.28036E-06	9.40145E-06	2.87374E-05	3.95311E-05	6.60928E-05
115.018	6.71301E-05	0.000553736	0.00025425	0.000422884	0.000243562
115.055	0.00478215	0.00375523	0.000148136	0.00164332	0.000783574
116.011	1.58681E-07	6.63697E-05	4.14375E-05	0.000040493	4.00663E-05
116.047	0.00030194	0.00504182	8.13184E-05	0.000351248	0.000118028
116.063	0.00100751	6.74235E-05	0	4.39225E-05	0.000221316
116.084	0.000231408	0.000941504	5.59516E-05	0.000135227	1.51058E-05
116.965	7.52335E-05	0.000413097	1.12379E-05	0	0.000095655
116.998	4.93228E-06	0.000607248	4.39307E-06	1.92589E-06	2.61682E-05
117.019	0	0.000698868	1.59315E-05	0.000013822	5.25961E-06
117.07	0	0.117909	0	0	0
117.092	0.000199197	0	9.33753E-05	0.000173724	0
118.027	1.72149E-05	0	9.18778E-05	0.000207663	5.46016E-05
118.063	0.000650199	0.00302957	4.93622E-05	0.000247131	0.000294922
118.998	0.00014444	0.00184573	9.00305E-05	1.82567E-05	0.00020616
119.05	1.13928E-05	0.000500352	7.16286E-06	3.51696E-05	2.43451E-05
119.086	0.00410209	0.0026175	0	0.000837493	0
120.021	1.76771E-05	7.73344E-05	5.98136E-06	5.72787E-06	8.06446E-06
120.058	0.00041931	0.00338697	7.00772E-05	0.000331592	0.000230008
120.094	0.00118782	0.00146244	3.57101E-05	0.000247612	9.49036E-05
121.004	0.000203522	0.00109163	0.000108044	0.000058163	0.000232328
121.05	0.000299237	0.000693374	7.33911E-05	3.95729E-05	3.62599E-05
121.102	0.00326351	0.00368611	4.81272E-05	0.000517731	0
122.037	0.000353841	0.00245387	0.000205489	0.000433967	0.000383316
122.11	0.000872043	0.000889283	4.45225E-05	0.00034611	0.000081895
123.045	0.000497927	0.000129312	4.04341E-05	6.65663E-05	0.000241333
123.081	0.000271561	0.00232497	4.17591E-05	0.000424527	4.54049E-05
123.117	0.00309187	0	3.97059E-05	0.00018873	3.30979E-05
124.04	3.98196E-05	0.000200732	5.70605E-06	1.03534E-05	2.34796E-05
124.052	7.96845E-05	0.000238603	4.66761E-06	0.000057464	5.73804E-05
124.089	0.000100828	0.000290136	8.43108E-06	0.000109587	2.37337E-05
124.125	0.000337757	0.000687362	8.81625E-06	1.73805E-05	2.98679E-05
124.988	2.19318E-05	0.000550365	1.28025E-05	0	1.90268E-05
125.024	0	0	6.25744E-05	0.000098435	0.000118262
125.06	0	0.000442722	7.60516E-05	0.000379	0.000136511
125.097	0.000242031	0.000215014	1.25589E-05	0.000103994	2.50596E-05
126.019	3.71733E-05	8.74338E-05	5.37105E-06	1.03857E-05	1.89273E-05
126.047	0.000106642	0.000319456	2.05716E-06	9.33864E-05	4.34087E-05
126.104	0.00010551	0.000337822	3.16963E-05	5.02257E-05	4.48009E-05
126.141	0.000354844	0.000521317	2.67202E-05	7.30757E-06	5.93435E-05
127.039	0.00011759	6.72494E-05	2.86602E-05	1.93216E-05	0.000100531
127.076	3.64938E-05	0.000569284	2.70187E-05	0.000134716	4.97878E-05
127.975	0.000071419	0.000175445	1.84286E-05	1.05769E-06	5.81521E-05
128.047	5.74935E-05	0.00220932	1.31069E-05	0.000109855	0.000146905
128.063	0.000403888	0.00333653	0	0	7.66061E-05
128.994	1.57897E-06	3.68807E-05	2.36097E-06	1.53375E-06	4.26739E-06
129.055	0.00037994	0.00161019	0	0.000053452	9.24746E-05
129.092	0.000686833	0	7.65481E-05	0.000195116	2.92675E-05
131.034	0.000369405	0.000292394	0.000133297	0.000230498	0.000222881
131.086	0.00261875	0.00166241	1.75082E-05	0.00046632	0
133.016	0.00058847	0	3.57281E-05	0.000654789	0
133.102	0.00286739	0.00341652	5.14927E-05	0.000585812	2.64721E-05
134.058	0.000767238	0.00139782	9.62596E-05	0.000398747	0.00018059
135.023	8.28106E-05	0.000754731	0.000022703	0	8.54271E-05
135.081	0.000424053	0.000868394	5.33966E-05	0.000369351	7.54146E-05
135.117	0.00175867	0.00156331	1.03379E-05	0.000182719	0
136.003	0.000027134	0.000446127	5.85065E-05	3.02525E-05	8.23038E-05
136.052	5.67952E-05	0.000312586	1.53585E-05	9.58181E-05	5.48833E-05
136.125	0.000301488	0.000702536	1.69332E-05	5.02167E-05	2.05865E-05
136.991	3.46042E-05	0.000168423	2.04589E-05	2.16293E-05	4.40717E-05
137.045	1.75348E-05	0.000295069	0.000013268	4.54968E-05	3.73666E-05
137.097	0.00028065	0.000588822	7.75799E-06	0.000181213	1.52128E-05
137.133	0.00100821	0.000587242	1.39182E-05	6.04095E-05	2.46692E-05
138.019	1.45896E-05	0	1.26247E-05	1.63427E-05	1.60588E-05
138.055	3.16743E-05	8.00711E-05	1.92995E-06	1.05449E-05	8.12468E-06
138.141	0.000216847	0.000372755	8.06597E-06	2.33518E-05	2.37687E-05
139.003	3.30742E-05	3.85908E-05	4.80629E-05	0.00002531	4.44915E-05
139.055	7.13804E-05	0	2.37585E-06	7.23856E-06	1.41375E-05
139.112	0.000215159	0.000395053	8.05208E-06	7.39091E-05	1.88408E-05
140.035	0.000036443	0.00014604	7.56888E-06	2.14686E-05	2.10248E-05
140.084	4.05444E-05	2.69689E-06	4.53356E-06	2.01808E-05	6.70633E-06
141.019	2.05673E-05	0.000103338	5.01084E-05	2.97253E-05	7.05198E-05
141.07	0.000143789	0.000633324	0	1.06719E-05	3.30445E-05
141.092	0.000333301	0	6.69278E-05	0.000172147	7.3365E-06
141.164	0.000434543	0.0002573	3.17941E-05	4.13982E-05	0.000064393
142.027	9.83478E-06	0	3.97805E-06	6.02511E-06	3.65453E-06
142.087	5.30237E-05	0.000174069	0	0.000010041	9.29847E-06
142.099	0.000050309	0.000125254	8.42104E-06	2.18752E-05	1.02098E-05
143.034	2.02143E-06	0	7.0144E-06	1.17201E-05	7.23871E-06
143.058	8.59622E-06	2.95561E-05	3.16731E-06	5.00584E-06	7.0332E-06
143.086	6.84682E-05	0.000173934	2.88352E-06	3.11009E-06	1.07853E-05
143.107	0.000312066	0	1.67736E-05	6.56731E-05	0
144.042	1.74753E-05	4.02287E-05	3.76064E-07	4.81973E-06	3.40371E-06
144.094	1.87935E-05	0.000161859	1.08458E-07	3.98836E-06	2.63598E-06
144.115	3.62776E-05	4.41771E-05	3.9073E-06	1.05748E-05	4.61508E-06
145.029	1.47418E-05	0	3.49125E-05	6.28142E-05	6.23986E-05
145.05	3.1895E-06	0.000136785	7.31698E-06	1.09676E-05	6.21556E-06
145.11	3.12552E-05	0.000158344	3.79743E-06	6.5924E-06	3.86686E-06
145.123	0.000327455	2.24736E-05	3.10531E-06	4.77552E-05	0
146.021	2.25142E-05	0.000307296	3.72024E-05	3.96924E-05	5.02316E-05
146.073	2.21513E-05	0.000139621	3.94949E-06	7.50413E-06	1.73918E-06
146.131	8.18267E-05	6.15561E-05	7.00488E-06	2.41485E-05	5.05391E-06
147.029	0.000157522	0.00127224	0.00007926	0.000120917	0.000161529
147.053	8.36325E-06	6.55758E-05	2.30331E-06	3.89516E-07	8.44603E-06
147.117	0.0010726	0.000859648	8.65235E-06	0.000161246	0
148.016	9.31367E-05	0.000355399	9.97794E-05	5.37179E-05	0.00016539
148.074	2.47028E-05	2.16313E-05	4.93751E-06	1.13975E-05	1.03866E-05
148.125	0.000131225	0.000857271	1.12979E-05	3.20628E-05	9.51725E-06
150.019	6.36907E-05	0.00147195	0	0	0.000486405
150.105	0.000404131	0.000292963	6.84819E-05	6.43886E-05	0.000104743
