PMF_m/z	OOAa	OOAb	OOAc
12	0.009117889	0.00832041	0.0207663
13.0034	9.87764E-05	9.00381E-05	0.000221279
13.0078	0.005459803	0.00433256	0.00608665
14.0112	5.90035E-05	4.69714E-05	6.60779E-05
15.0235	0.038761686	0.0318101	0.0247501
15.9949	0.001043254	0.00121465	0.00221921
16.0268	0.000414824	0.000346361	0.000267177
17.0027	0.006514892	0.00758019	0.013889
17.9992	2.12025E-06	2.50228E-06	4.54266E-06
18.0106	0.026059496	0.0303209	0.0555556
24	0.001247489	0.000968217	0.0016515
25.0034	2.7048E-05	0.000020832	3.59215E-05
25.0078	0.004478467	0.00348784	0.00513841
26.0112	9.66723E-05	7.53909E-05	0.000112077
26.0156	0.021695859	0.0185234	0.0224364
27.019	0.000469912	0.00039626	0.000487466
27.0235	0.052460779	0.0459174	0.028401
27.9949	0.115819718	0.134759	0.246913
28.9983	0.001252508	0.00145913	0.0026702
29.0027	0.059958391	0.0385144	1.67952E-09
31.0139	0.000189903	0.000132769	0.000147762
37.0078	0.004954085	0.00447422	0.00463992
38.0112	0.00016059	0.000141861	0.000147464
38.0157	0.008344246	0.00791985	0.00748171
39.019	0.000270614	0.000253816	0.00024207
39.0235	0.044987866	1.1315E-09	0.018032
40.0268	0.001408962	0.00061827	0.00057274
40.0313	0.01009175	0.0118696	1.02113E-09
41.0027	0.003862402	3.34444E-10	0.00126158
41.0347	0.000328529	0.00034911	4.08401E-05
41.0391	0.042358476	0.0392715	0.0106719
42.0061	8.92029E-05	5.29002E-05	5.85778E-05
42.0106	0.027987817	0.0300658	0.03054
42.0425	0.001378893	0.00126848	0.000340736
42.047	0.008041541	0.00614175	0.00209032
43.0139	0.00060451	0.000653501	0.000661682
43.0184	0.103036469	0.110178	0.050829
43.0503	0.000261714	0.000200063	6.82469E-05
43.9898	0.115819718	0.134759	0.246913
44.0217	2.22E-03	0.00240358	0.00109036
44.9932	0.001252723	0.00145803	0.00267025
44.9977	0.010887537	0.0144651	0.0128032
45.9941	0.000476209	0.000554424	0.00101389
46.9955	2.99342E-05	7.72708E-05	0.000257636
47.0133	0.001370047	0.00115067	0.000755398
49.0078	0.00113995	0.00119691	0.00141005
50.0112	4.93804E-05	5.15575E-05	6.15126E-05
50.0157	0.00593621	0.00625503	0.00638039
51.019	0.000256805	0.000270102	0.000276664
51.0235	0.008197819	0.00863778	0.00783544
52.0268	0.000354648	0.000373435	0.000339119
52.0313	0.004963126	0.00514413	0.00549055
53.0027	2.34E-03	0.00306417	0.00328623
53.0347	0.000214655	0.000222591	0.000237671
53.0391	0.011808022	0.0130178	0.00708177
54.0061	7.58667E-05	9.91121E-05	0.000107119
54.0106	0.002665012	0.00347051	0.00402148
54.0425	0.000510404	0.000562858	0.000306895
54.047	0.004470358	0.00466456	0.00328428
55.0139	8.6523E-05	0.000112494	0.000130495
55.0184	0.020590531	0.0240896	0.0139414
55.0503	0.000192346	0.000201815	0.000141671
55.0548	0.011429249	0.00990294	0.0010781
56.0217	0.000667958	0.000777111	0.000454201
56.0262	0.005010379	0.00565509	0.00406185
56.0581	0.000493823	0.000426892	4.92043E-05
57.0296	0.000162497	0.000183929	0.00013239
57.034	0.008148864	0.00812413	0.00264411
57.0704	0.001386866	0.0010284	0.000156447
58.0055	0.001171594	0.00133635	0.00156784
58.0374	0.000265703	0.000264778	8.37819E-05
58.0419	0.007205534	0.00606109	0.00124857
58.0738	5.43524E-05	4.45851E-05	9.04062E-06
58.0783	1.95694E-05	2.6339E-11	0.000110215
58.9687	2.97243E-05	3.65858E-05	0.000212962
59.0133	0.000609526	0.00108363	0.00108778
59.0452	0.000233731	0.000196813	4.00059E-05
59.0497	0.004255291	0.00532658	0.00114453
59.0816	1.47274E-06	2.57547E-08	5.8444E-06
60	1.7844E-09	4.44353E-10	7.19113E-05
60.0211	0.003413486	0.00421055	0.00237761
60.053	0.000138023	0.000174027	3.79565E-05
60.9748	2.80162E-05	4.73005E-05	0.000164585
61.0033	4.09304E-09	1.70184E-09	1.03203E-05
61.0078	0.000413014	0.000658942	0.000685692
61.0289	0.001247358	0.00114738	0.000540922
62.0112	2.22369E-05	3.57609E-05	3.70592E-05
62.0157	0.001291373	0.00145074	0.00133228
63.019	6.96698E-05	7.66599E-05	7.80977E-05
63.0235	0.002824755	0.00306353	0.0029109
64.0268	1.53E-04	0.000164664	0.000160238
65.0391	0.005540436	0.00609906	3.69E-03
66.0106	0.000266008	0.000599389	0.000614095
66.0425	0.000299829	0.000329346	0.000200168
66.047	0.002788884	0.00317175	0.00246718
67.0139	1.15651E-05	0.000025778	2.85419E-05
67.0184	0.000391104	0.00145234	0.000941013
67.0503	0.000150723	0.000171467	0.000134041
67.0548	9.19E-03	0.00915255	0.00254163
67.9898	8.03916E-05	0.00030828	0.000448373
68.0217	1.71176E-05	6.12667E-05	4.55598E-05
68.0262	0.00304735	0.00426753	0.0039368
68.0581	0.000495083	0.000495175	0.000136322
68.9977	0.001637013	0.00298355	0.00254217
69.0296	0.00013174	0.000184605	0.000170868
69.034	0.005072127	0.00650138	0.00347003
70.0055	0.00053462	0.00101968	0.00105204
70.0374	0.000219407	0.000281215	0.000150336
70.0419	0.003578372	0.00387237	0.00189095
71.0133	0.002783157	0.00418995	0.00268023
71.0452	0.000154745	0.000167703	8.20433E-05
71.0497	0.005143176	0.00504461	0.00040737
72	6.76944E-10	0.000018314	1.2602E-06
72.0211	0.00106804	0.00160211	0.00107463
72.053	0.000222148	0.000219075	1.61E-05
72.0575	9.46E-04	0.000763445	0.000438257
72.0939	8.9084E-06	1.56E-10	4.04E-05
73.0034	3.09E-08	2.04016E-06	3.4004E-07
73.0078	4.74468E-05	0.000260828	4.20E-04
73.029	0.000701872	0.00307087	1.69274E-10
73.0609	4.0893E-05	3.31125E-05	1.91126E-05
73.0973	8.82561E-07	7.2833E-09	2.87789E-06
74.0112	4.00113E-06	1.71375E-05	0.000028872
74.0368	0.00163184	0.00153704	0.000640213
74.0732	2.90085E-05	3.11889E-11	8.49587E-05
75.0446	0.001120742	0.000972047	8.26209E-10
75.0765	1.43153E-06	1.64995E-09	4.28425E-06
75.9441	1.63628E-05	1.41726E-05	5.85666E-05
76.0313	0.000967043	0.000624589	0.00128661
77.0027	2.08796E-11	6.58304E-05	6.75E-11
77.0347	6.27965E-05	4.05709E-05	8.44648E-05
77.0391	0.0064945	0.00666261	0.00319972
77.9775	9.84218E-05	0.000183341	0.000233354
78.0061	1.21828E-09	9.84174E-06	4.87842E-09
78.0106	4.65163E-11	4.76799E-05	5.74017E-06
78.0425	0.000421438	0.000432593	2.08E-04
78.047	2.19E-03	0.00229219	2.06E-03
78.9854	0.000327196	0.000634082	0.000937232
79.0184	1.38154E-11	0.000377492	0.000241082
79.0503	0.000141934	0.000148919	1.34E-04
79.0548	7.32E-03	0.00724978	0.00228964
80.0217	1.26718E-09	2.39966E-05	1.82E-05
80.0262	0.000800573	0.000284867	1.73E-03
80.0581	0.000474974	0.000470784	0.000148335
80.0626	1.39E-03	0.00144695	0.000715294
81.0296	4.3148E-05	1.60428E-05	9.59E-05
81.034	2.85E-03	0.00354473	2.07E-03
81.066	9.01184E-05	9.39002E-05	4.74958E-05
81.0704	0.003603737	0.00298106	1.74742E-09
82.0374	0.000153847	0.000191891	0.000113367
82.0419	0.002726363	0.00379684	0.00228772
82.0738	0.000233634	0.000193464	2.62936E-09
83.0133	0.00043928	0.00106653	0.000971934
83.0452	0.000147373	0.000205487	0.000125377
83.0497	0.00326532	0.0042162	0.00133665
84.0211	0.001092695	0.00188543	0.00134585
84.053	0.000176342	0.000228259	7.19116E-05
84.0575	0.001395126	0.0013811	0.000806475
84.0939	0.000160147	2.21688E-05	0.000139287
85.029	0.002744443	0.00442283	0.00256679
85.0609	7.52879E-05	7.51797E-05	4.37619E-05
85.0973	1.01687E-05	1.42523E-06	9.48202E-06
85.1017	6.07115E-05	6.90009E-05	0.000156873
86.0156	5.41842E-05	0.000390115	0.000183652
86.0368	0.001094561	0.00149973	0.000911906
86.0732	0.000355111	0.000128369	8.88147E-05
87.019	4.54116E-06	2.99846E-05	0.000015537
87.0235	0.001526615	0.00249745	0.0018748
87.0765	1.95373E-05	7.63652E-06	4.8971E-06
87.9797	6.7483E-07	1.89094E-07	6.67178E-06
88.0268	0.00011566	0.000189554	0.000141949
88.0313	0.000105634	0.000228778	0.000208848
88.0888	8.24803E-06	1.21942E-08	2.24902E-05
89.0027	2.817E-05	5.35386E-06	8.52895E-05
89.0239	6.34887E-05	0.00103439	2.40884E-10
89.0922	6.69798E-07	1.00588E-07	1.70839E-06
90.0061	2.18127E-06	1.12009E-06	7.51977E-06
90.047	0.000525683	0.000570366	0.000516643
91.0503	4.01306E-05	4.30334E-05	3.98544E-05
91.0548	0.006170373	0.00614775	0.00221324
92.0262	0.000104765	0.000382681	0.000314074
92.0581	0.000467055	0.000465415	0.000168102
92.0626	0.000860571	0.000765853	0.000553089
93.0296	7.23528E-06	2.47899E-05	2.30904E-05
93.034	0.000222354	0.000635367	0.000357262
93.0704	0.002335596	0.00201067	0.00017805
93.9377	3.36901E-05	3.14026E-05	0.000182296
94.0374	1.47279E-05	4.18207E-05	2.31819E-05
94.0419	0.001161982	0.00168283	0.00109203
94.0738	0.000177571	0.000152181	1.14868E-05
94.0782	0.000674081	0.000397875	0.000366251
94.9455	9.72754E-05	0.000111214	0.000561541
95.0133	0.000124392	0.000435627	0.000409723
95.0452	7.53469E-05	0.000109177	7.13728E-05
95.0497	0.00296427	0.00389581	0.000813483
95.0816	5.05817E-05	3.09808E-05	2.87872E-05
95.0861	0.001571416	0.000870168	8.24188E-05
96	5.95177E-05	0.000228429	0.00035763
96.0211	0.000648088	0.00093834	0.000835687
96.053	0.000191717	0.000251716	5.63613E-05
96.0575	0.001281206	0.00156886	0.000874047
96.0894	0.000117799	6.64729E-05	5.28806E-06
97.0034	4.95355E-06	1.97645E-05	3.15529E-05
97.029	0.00127429	0.00280922	0.000894148
97.0609	8.26879E-05	0.000102085	5.90362E-05
97.0653	0.001634416	0.00145818	0.000494051
98.0156	0.000366228	2.4928E-11	0.0010671
98.0687	0.000105789	9.51529E-05	3.18222E-05
98.0732	0.000637924	0.000245891	0.000503198
98.1096	2.17128E-05	1.16657E-05	4.13411E-05
98.9404	3.17978E-05	3.13084E-05	0.00018626
98.9905	0.000150355	0.000342004	0.000319805
99.019	2.9209E-05	1.45007E-11	0.00014093
99.0446	0.002191441	0.00269627	0.0010087
99.0765	4.07597E-05	1.66256E-05	3.38821E-05
99.1129	1.7259E-06	7.74479E-07	3.72759E-06
99.1174	1.26401E-05	5.51878E-06	3.11532E-05
100.031	0.000628611	0.00111338	0.00089758
100.121	9.43314E-07	5.31493E-07	2.80672E-06
100.125	2.01368E-07	1.83236E-07	6.9801E-06
101.024	0.000650183	0.00187647	0.000663682
101.035	5.44492E-05	9.67145E-05	7.83792E-05
101.039	0.000497618	8.10727E-05	0.000471343
101.06	0.00039031	0.000402094	0.000259946
101.097	1.82588E-05	3.34472E-11	3.27289E-05
101.129	7.33046E-08	9.46757E-08	6.24402E-07
102.011	3.48558E-05	0.000274827	7.09093E-05
102.043	4.31575E-05	1.17578E-05	5.18023E-05
102.047	0.00069193	0.000827772	0.000808207
102.1	1.73271E-06	2.99587E-09	3.04174E-06
103.014	3.0688E-06	2.12854E-05	6.11918E-06
103.05	5.9825E-05	7.16623E-05	7.04103E-05
103.055	0.001123551	0.00107727	0.000717779
104.058	9.71876E-05	9.31657E-05	6.23179E-05
104.063	0.00045518	0.000418766	0.000408623
105.066	3.93661E-05	3.61733E-05	3.55432E-05
105.07	0.00189093	0.0015183	0.00022681
106.042	0.000267812	0.000491715	0.000373722
106.074	0.000163662	0.000131494	0.000019878
106.078	0.000443719	0.000325968	0.000268882
107.045	2.04041E-05	3.72602E-05	2.83121E-05
107.082	3.85173E-05	2.83235E-05	2.33145E-05
107.086	0.001031789	0.000648052	0.000105317
108.021	7.78478E-05	0.000340948	0.000146972
108.058	0.000821058	0.00114043	0.000624514
108.089	8.94452E-05	5.61729E-05	9.83272E-06
108.094	0.000359375	9.65418E-05	0.000130202
109.029	0.000284579	0.000762412	0.000461802
109.061	6.22211E-05	8.63395E-05	4.74427E-05
109.065	0.001257363	0.00145813	0.000381971
109.097	3.08631E-05	9.17806E-06	1.19957E-05
109.967	7.23953E-07	2.4714E-06	5.58823E-06
110.037	0.000617555	0.00118401	0.000748393
110.069	9.50547E-05	0.000110678	2.94243E-05
110.073	0.000619014	0.000431759	0.000250813
110.991	2.61934E-05	9.77596E-05	8.74755E-05
111.023	1.21312E-11	0.000183771	2.86454E-10
111.045	0.001221794	0.00212421	0.000969402
111.076	4.6821E-05	3.31935E-05	2.01796E-05
111.081	0.000738743	0.000402344	0.000216506
111.998	2.97881E-05	0.000109285	7.77299E-05
112.027	3.94694E-10	2.85784E-05	3.46203E-06
112.031	6.95279E-05	0.000343981	0.000211056
112.084	5.5709E-05	3.11454E-05	1.71677E-05
112.089	0.000170292	6.36099E-05	6.98556E-05
112.125	1.53871E-05	1.16643E-05	7.37979E-05
113.024	0.000252811	0.000956257	0.000416947
113.035	7.05649E-06	3.35946E-05	2.27979E-05
113.06	0.00065278	0.000731877	0.000304314
113.092	1.29442E-05	5.40111E-06	6.6137E-06
113.129	1.35889E-06	1.08171E-06	0.000006589
113.133	1.39114E-05	1.05157E-05	6.13945E-05
114.047	0.000407103	0.000682256	0.000496149
114.136	1.25802E-06	1.00188E-06	5.67616E-06
114.141	4.05275E-07	2.25883E-07	0.000010599
115.027	2.44627E-11	0.000641217	6.95816E-11
115.05	3.97237E-05	6.63509E-05	4.89865E-05
115.055	0.002051496	0.00193351	0.00131787
115.144	7.63075E-08	1.08788E-07	1.35942E-06
116.026	1.48593E-05	1.46392E-05	2.36948E-05
116.047	2.7057E-05	0.000318461	4.77899E-05
116.084	9.56061E-05	1.5892E-11	0.000103215
117.092	0.000239578	1.18243E-11	0.000136941
117.99	2.75933E-06	1.00439E-05	2.10087E-05
118.042	0.000191899	0.000356847	0.000225036
119.05	0.000319438	0.000598979	0.000262493
120.021	1.89699E-05	4.02216E-05	1.47691E-05
120.058	0.000314119	0.000469818	0.000249161
120.993	2.37283E-07	5.53667E-06	1.12794E-05
121.029	0.000202006	0.000338042	5.61943E-05
121.05	1.48554E-05	0.000030448	0.00008592
121.102	0.000429017	0.000211604	4.56001E-05
122.021	2.68309E-06	5.41907E-05	2.56023E-05
122.037	0.000176299	0.00036722	0.000170149
123.029	5.48427E-06	2.35186E-05	2.09473E-05
123.081	0.000566491	0.00050796	0.000121886
123.117	0.000154819	3.77103E-05	1.38366E-10
124.016	2.09848E-05	0.000106926	3.73867E-05
124.052	0.000324999	0.000503602	0.000212541
124.125	2.8484E-05	4.79191E-06	1.47466E-05
124.993	1.70587E-06	2.69517E-06	1.34981E-05
125.006	3.93015E-06	6.05034E-06	1.86087E-05
125.045	4.03533E-06	7.44373E-05	5.24075E-05
125.06	0.000528428	0.000663272	0.000191528
125.097	0.000311897	0.000120412	4.86369E-05
125.995	1.93685E-06	6.59094E-06	2.17436E-05
126.068	0.000264614	0.000199108	0.000102376
126.141	1.18259E-05	6.44538E-06	5.23006E-05
127.003	1.27686E-06	1.30295E-05	0.000024371
127.024	3.82069E-06	3.86995E-05	0.000030475
127.039	0.000125506	0.000449174	0.00000729
127.055	0.000253472	0.000390143	0.000369387
127.112	5.37165E-05	1.06589E-05	1.35311E-05
127.149	1.55117E-05	1.39264E-05	7.79303E-05
127.993	1.08077E-06	2.92315E-06	2.53354E-06
128.063	0.000474491	0.000604595	0.000167516
128.084	0.00033616	1.37729E-10	0.000311211
129.034	5.32348E-05	0.000025104	0.000141688
129.055	1.92424E-05	0.000286144	0.000200454
129.092	0.000201339	5.67095E-11	0.000191713
130.063	0.000102079	0.000368552	7.62642E-05
130.078	0.000204672	1.82209E-10	0.000147993
131.071	7.40068E-06	9.64596E-05	8.64726E-05
131.086	0.000410311	0.000163084	0.000124463
132.006	1.63086E-05	4.85157E-05	0.000117174
132.057	0.000192769	0.000388156	7.74918E-05
132.094	0.000218496	7.97036E-05	0.000142869
133.014	2.0988E-05	7.98786E-05	0.000167795
133.029	2.85405E-05	1.97729E-10	7.52663E-05
133.065	0.000286286	0.000388003	1.93308E-05
134.016	2.05292E-05	9.84314E-05	0.000145591
134.058	4.22355E-05	0.00011682	2.20137E-05
134.109	0.000156259	4.86544E-05	0.000021523
135.008	1.47025E-06	1.73875E-05	3.69157E-05
135.023	7.03889E-07	5.48432E-06	9.56425E-06
135.029	5.8435E-06	1.47926E-05	0.00001887
135.117	0.000140351	3.74068E-05	6.20517E-06
136.016	8.37401E-06	8.24684E-05	6.60091E-05
136.089	0.000235357	0.000170229	5.68744E-05
137.06	0.000239664	0.000310035	0.000126742
137.097	0.000242202	0.000147101	2.07397E-05
137.999	2.12593E-06	2.56138E-05	1.40403E-05
138.032	3.74301E-05	0.000174546	1.90098E-05
138.105	9.72027E-05	3.38021E-05	9.37612E-06
138.141	1.20179E-05	2.77534E-06	0.000014436
139.003	3.30824E-06	5.37426E-05	3.89581E-05
139.04	9.78999E-05	0.000666891	0.000126763
139.076	0.000311819	0.000219677	0.000140129
140.047	5.08073E-05	0.000250413	7.86975E-05
140.982	9.48276E-07	6.30839E-06	6.71995E-06
141.07	0.000168022	0.000166875	8.94374E-05
141.164	8.82522E-06	1.17182E-06	2.49466E-05
142.027	7.53396E-06	3.45201E-05	1.51331E-05
142.078	0.000113838	9.87172E-05	2.90767E-05
142.099	8.45649E-05	5.30608E-11	3.54395E-05
142.136	3.78224E-06	1.92478E-09	1.02338E-05
142.172	1.27226E-06	7.09017E-07	6.14121E-06
143.034	3.66668E-05	0.000187653	5.42326E-05
143.086	9.55798E-05	0.000085822	5.86512E-06
143.107	8.53077E-05	2.09774E-11	4.90091E-05
144.115	1.78101E-05	2.57171E-10	0.000014374
145.014	3.14384E-06	1.68534E-05	2.04896E-05
145.05	1.85086E-05	0.000095316	0.000017412
145.087	7.68666E-05	6.59359E-05	2.59112E-05
145.123	3.84029E-05	2.27581E-11	2.85462E-05
146.058	3.34717E-05	6.60396E-05	2.91964E-05
146.073	6.41745E-05	5.73837E-05	0.00002323
146.109	1.69346E-05	3.47849E-06	1.20888E-05
147.008	5.96044E-06	1.68917E-05	3.69011E-05
147.045	2.85563E-05	0.000119819	1.41141E-05
147.066	4.15231E-05	2.22594E-05	0.000104494
147.117	0.000108691	3.78411E-05	3.66956E-05
148.016	8.1349E-06	2.70853E-05	4.43398E-05
148.089	4.10689E-05	2.65459E-05	6.21069E-06
148.11	1.79426E-05	1.64539E-05	0.000012607
149.009	8.9857E-10	2.44343E-06	2.3152E-06
149.097	0.000201649	0.000101047	2.75399E-05
150.016	1.84504E-05	3.51733E-05	0.000079555
150.068	5.79206E-05	5.71564E-05	3.97385E-05
150.105	9.03551E-05	3.55667E-05	3.09074E-05
151.024	6.77668E-06	3.55849E-05	3.66009E-05
151.112	8.51273E-05	2.49252E-05	2.07808E-05
152.047	2.04988E-05	0.000246145	8.11615E-05
152.063	6.90764E-05	5.26499E-05	3.65073E-05
152.084	0.000196333	0.0000576	0.000102935
152.12	1.91765E-05	1.69202E-06	1.75028E-05
153.07	0.000114478	5.77172E-05	6.76176E-05
153.092	0.000153791	2.41553E-05	4.01508E-05
154.027	1.03502E-05	5.93756E-05	3.87201E-05
154.063	4.63911E-05	0.000161209	0.000049545
154.099	7.94658E-05	4.1987E-06	3.19376E-05
154.172	4.93463E-06	1.29738E-06	1.48333E-05
155.034	6.34781E-05	0.000263993	0.000161342
155.086	0.000287031	9.19047E-05	7.96863E-05
155.18	1.30845E-05	4.25169E-09	1.45574E-05
155.969	8.78961E-07	4.40415E-06	5.93128E-06
156.042	3.62271E-05	0.00012177	7.44847E-05
156.094	0.000103084	2.17329E-05	3.99285E-05
156.188	3.43547E-06	3.71133E-09	8.22983E-06
157.014	1.94685E-06	2.99582E-05	2.06457E-05
157.065	3.09309E-05	2.16562E-05	2.48271E-05
157.087	4.84642E-06	2.38535E-05	0.000013355
159.045	3.15898E-06	5.1195E-06	1.33594E-05
159.066	8.55132E-05	0.000137704	3.53083E-05
159.117	5.49716E-05	4.72503E-11	1.41161E-05
160.089	9.07796E-05	0.000106835	9.36322E-05
161.06	7.44357E-05	0.000183935	0.000142284
161.133	4.77067E-05	1.67767E-05	1.19819E-05
162.089	7.75267E-05	5.78027E-05	4.49522E-05
163.978	3.4146E-06	4.39575E-06	1.27064E-05
164.063	8.72781E-05	0.000151453	0.000128843
164.156	1.84296E-06	9.43351E-07	6.76122E-06
165.04	4.05681E-05	0.000135124	0.000143547
166.078	0.000129871	0.00014686	0.000139203
167.034	3.25679E-05	0.000163466	0.000184616
167.086	0.000188112	0.000180411	0.000197227
168.042	2.86437E-05	0.000112126	0.000112407
168.094	0.00010039	7.53167E-05	9.18876E-05
168.993	7.2917E-07	1.34617E-05	0.000014538
169.05	6.67131E-05	0.00022717	0.00017166
169.196	5.73265E-06	6.4261E-10	9.66365E-06
170	4.83122E-06	2.93393E-05	2.52171E-05
170.109	5.02133E-05	4.67194E-06	2.32091E-05
170.203	2.10657E-06	6.97947E-07	6.23706E-06
171.029	2.01505E-05	9.55947E-05	6.48794E-05
171.117	6.79565E-05	1.02575E-06	2.90161E-05
173.097	4.37886E-05	2.92856E-05	1.23327E-05
173.133	4.08593E-05	0.000015094	1.78139E-05
174.032	1.89451E-05	6.95008E-05	5.32199E-05
174.089	5.7864E-05	7.13813E-05	7.16858E-05
175.024	1.31999E-05	5.45476E-05	6.01147E-05
175.076	7.66351E-05	0.000101857	0.000101164
175.149	3.99556E-05	1.56372E-05	1.64667E-05
176.063	7.7479E-05	0.000115748	0.000121565
176.156	2.38948E-05	6.21905E-06	1.97758E-05
177.019	5.16431E-05	0.000102598	0.000144652
179.086	0.000122293	0.000162193	0.000155019
180.094	7.26363E-05	8.90277E-05	0.000104911
181.087	6.67824E-05	0.000202889	0.000147744
185.097	7.58155E-05	0.000122237	0.000113783
