PMF_m/z	HOA	COA	BBOA	OOA1	OOA2
12	0.00475118	0.00788283	0.00990038	0.00479499	0.0150935
13.0034	5.23465E-05	9.97221E-05	0.000106567	4.54328E-05	0.000165404
13.0078	0.00222692	0.0033308	0.00639905	0.00266963	0.00561495
14.0112	2.34232E-05	4.51366E-05	6.91179E-05	2.71605E-05	6.03096E-05
15.0235	0.0159614	0.0254703	0.0459967	0.0260613	0.0309508
15.9949	0.00031936	0.000282299	0.000682369	0.000950805	0.00157187
16.0268	0.000175199	0.000289135	0.000496532	0.000273948	0.000339566
17.0027	0.00199475	0.00176524	0.00426487	0.00594461	0.00982244
17.9992	6.76518E-07	3.85161E-07	1.4101E-06	1.97862E-06	3.24898E-06
18.0106	0.00797843	0.00706257	0.0170592	0.0237787	0.0392902
24	0.000592331	0.000826043	0.00158012	0.000472939	0.00154754
25.0034	1.23541E-05	2.52714E-05	3.41138E-05	0.000008756	3.33194E-05
25.0078	0.00219964	0.0031773	0.00564785	0.00174709	0.00520062
26.0031	0.000180786	0.000979873	0	0.00176294	0.000174107
26.0112	4.58753E-05	9.54605E-05	0.000121913	0.000032664	0.000111609
26.0156	0.0121206	0.0176996	0.0272862	0.00967417	0.0236634
27.0109	0.0032362	0.00461539	0.00414	0.00609046	0.00550939
27.019	0.000252095	0.000496235	0.000592401	0.000180174	0.000512439
27.0235	0.0317981	0.0509962	0.0418329	0.0363834	0.0354836
27.9949	0.0354618	0.0313893	0.075821	0.105678	0.174621
28.9983	0.000384471	0.000327083	0.00082061	0.0011488	0.00188511
29.0027	0	0.0272098	0.051521	0.0746983	0.0229696
29.0391	0.0301628	0.029729	0.0160317	0.0256255	0.00934246
29.9992	7.39003E-05	6.44502E-05	0.000155557	0.00021754	0.000359116
30.0061	0	0	0.000604713	0.000777166	0.000409398
30.0344	0.00247322	9.13536E-10	0	0	0
30.0425	0.000654588	0.000719268	0.000345956	0.000536121	0.000204767
31.0139	8.91372E-05	0	9.91633E-05	0.00102933	0.000654436
31.0184	0.00400135	0.0113186	0.0241801	0.0211799	0.0178351
31.0422	0.000941099	0	0.000438764	0.00136101	0.000868502
36	0.000429646	0.000553615	0.000931165	0.00115612	0.000750696
37.0033	1.50051E-05	1.63504E-05	3.16339E-05	4.46134E-05	2.26087E-05
37.0078	0.00220545	0.00461284	0.00560386	0.0023614	0.00470261
38.0112	6.66721E-05	0.000172084	0.000185023	6.49703E-05	0.000156444
38.0157	0.00403513	0.00827259	0.00933527	0.00419724	0.00751249
39.019	0.000125387	0.000313582	0.000304294	0.000123023	0.000246072
39.0235	0.0264695	0.0527131	0.042509	0.0135915	0.0306117
40.0268	0.000858791	0.00175874	0.00138229	0.00040742	0.00101108
40.0313	0.00528205	0.0118833	0.0084229	0.00718855	0.00506235
41.0027	6.63E-04	5.67729E-11	0.00595368	0	0.00410072
41.0347	0.00017423	0.000384133	0.000274921	0.00022434	0.000167537
41.0391	0.0729434	0.0649122	0.0306342	0.0335762	0.0258143
42.0061	1.95032E-05	0	0.000117084	2.50725E-05	9.53363E-05
42.0106	0.00595008	0.0120672	0.0205342	0.0177629	0.0185608
42.0344	0.006375	0.00412097	0.00254056	0.00704467	0.00234481
42.0425	0.00232079	0.00271579	0.000974223	0.00097654	0.000820817
42.047	0.011907	0.011393	0.00600349	0.00518552	0.00481587
43.0139	0.00012881	0.000278057	0.000446142	0.000376504	0.000399996
43.0184	0.0150871	0.0610816	0.0459386	0.095897	0.0494813
43.0503	0.000380096	0.000472174	0.000190748	0.000151027	0.000152614
43.0548	0.0828431	0.0310499	0.0163179	0.00834267	0.012629
43.9898	0.0354618	0.0313893	0.075821	0.105678	0.174621
44.0217	3.59E-04	0.000845729	0.00101741	0.00213584	0.00110582
44.0262	0.00363618	0.00285769	0.00818771	0.00982593	0.00355245
44.05	0.00322367	9.7629E-10	0.00103421	0.00412403	0
44.0581	0.00268802	0.000962148	0.00052722	0.000283166	0.00041654
44.0626	0.000432375	0	0	3.56964E-05	3.91243E-05
44.9932	0.000390349	0.000240089	0.000824753	0.00115885	0.00189199
44.9977	0.000341796	0.00362194	0.003973	0.012215	0.00782462
45.034	0.00303861	0.00477953	0.0088138	0.00994954	0.00370202
45.0578	0.000847114	1.05549E-05	0.000482206	8.44E-04	0.000458887
45.066	1.68939E-05	0	0	2.13066E-06	4.59777E-06
45.9941	0.00014833	0.000091249	0.000313395	0.000440334	0.00071893
46.0374	6.90929E-05	6.74503E-05	0.000192738	2.22E-04	8.30917E-05
46.9955	0	1.74639E-10	0	0.00172417	0.000921285
47.0133	0	0.000552681	0.00369208	0.00572246	0.00337546
48	5.56309E-05	6.6334E-11	0	0.00475417	0.00238334
49.0033	1.70135E-06	2.99242E-06	0	0.000209307	0.000104787
49.0078	0.000664556	4.60275E-11	0.00171791	0.000536656	0.00131231
49.0289	1.95089E-05	1.94975E-05	8.31037E-05	0.000237753	9.03153E-05
50.0112	2.44012E-05	6.24024E-05	7.17107E-05	1.39063E-05	5.36534E-05
50.0157	0.00401736	0.00851235	0.0081656	0.00365833	0.00635079
51.019	0.000170801	0.000409099	0.000351821	0.000151581	0.000272908
51.0235	0.00620013	0.0126328	0.0113693	0.00509457	0.00751273
51.9949	7.89129E-05	0.000041651	0.000277528	0.000560842	0.000276251
52.0187	0.000199657	0.000815191	0.000441045	0.00131289	0.000202552
52.0268	0.000261989	0.000636884	0.000488176	0.000206751	0.000320449
52.0313	0.00325545	0.00631077	0.00701664	0.00199219	0.00458502
53.0027	0.000812938	0.00122058	0.00451042	0.00417753	0.00362459
53.0347	0.000137246	0.000326791	0.000301536	7.77476E-05	0.000195576
53.0391	0.00939333	0.0142837	0.00904934	0.00773027	0.00727419
54.0061	2.16016E-05	8.56543E-05	0.000145409	0.000128119	0.000116053
54.0106	0.000571084	0.00166804	0.00376621	0.00339986	0.00379941
54.0425	0.000396951	0.000759621	0.000385267	3.13E-04	0.000307921
54.047	0.00788445	0.00994204	0.00412941	0.00260447	0.0029318
55.0139	1.92156E-05	2.72466E-05	0.000124741	0.000114627	0.000125746
55.0184	0.0074282	0.0237996	0.0183847	0.0184099	0.0134025
55.0503	0.000329704	0.00068725	0.000168183	7.33383E-05	0.000114175
55.0548	0.0667803	0.0353133	0.0146852	0.0152049	0.0119335
55.9898	0	0.00047389	0.00021379	0.000967868	0.00045338
56.0217	2.35E-04	0.00100542	0.000584092	0.000565009	0.000421037
56.0262	0.0017026	0.00568964	7.55E-03	0.00418175	0.00358539
56.05	0.000288071	3.89686E-11	0.00114568	0.00298568	5.22876E-05
56.0581	0.00286231	0.00190535	0.000618166	0.000598712	0.000503181
56.0626	0.0171189	0.00842994	0.00358431	0.00183443	0.00311768
57.0296	5.86122E-05	0.000152313	0.000246189	0.000140578	0.000117825
57.034	0.00300244	0.0108547	0.0158874	0.0136543	0.00587899
57.066	0.00074487	0.000321766	0.000156674	8.51442E-05	0.000137678
57.0704	7.32E-02	0.00896396	0.0103423	0.00257266	0.00741246
58.0055	0.000241284	1.88668E-10	0.00202409	0.00276246	0.00215532
58.0374	0.000100381	0.000319173	0.000517444	0.000448443	0.000191728
58.0419	0.00116324	0.00378778	0.00176551	0.00391877	0.00222364
58.0657	0.00231259	1.24113E-09	0.00102921	0.00363243	0.00104808
58.0738	0.00321809	1.31259E-05	0.000453171	0.000173405	0.000335166
58.0783	0.00092065	9.99389E-06	6.51263E-07	0.000270448	5.63563E-05
58.9687	2.81413E-05	9.19976E-11	3.97289E-06	1.16676E-05	3.35599E-05
59.0133	0	0.000404074	0.00178634	2.05E-03	0.00159479
59.0452	3.88578E-05	0.000117127	5.75271E-05	0.000128482	7.20782E-05
59.0497	0.000956592	0.00249103	0.000655022	0.00248957	0.000779432
59.0735	0.000173057	0	0.000177831	0.000503263	0.000240226
59.0816	4.48591E-05	0	0	1.57125E-05	7.3218E-06
59.9765	2.94633E-05	7.48213E-12	0	4.33633E-05	0.000119496
60.0211	0.00493185	0.00654195	0.022452	0.0086293	0.0047055
60.053	3.34317E-05	6.00086E-05	2.21552E-05	8.37477E-05	2.66656E-05
60.0575	0.00028233	5.56848E-05	2.71E-04	6.26E-04	0.00006459
61.0078	3.39E-04	0.000638874	0.000745793	0.000398212	0.000616346
61.0289	0.000940358	1.20E-03	3.06E-03	2.36E-03	1.08E-03
61.0609	1.02E-05	0	9.33946E-06	2.12894E-05	1.72948E-06
62.0112	1.73325E-05	0.000049927	3.97E-05	0.000019722	0.000032396
62.0157	0.0010025	0.00245756	0.00217177	0.00111465	0.00149786
62.0368	0.000135662	1.12667E-11	0.000272675	0.000334242	0.000150187
63.019	5.30916E-05	0.000147731	0.000116711	5.79538E-05	8.11559E-05
63.0235	0.0027497	0.00616425	0.00517002	0.00269181	0.00334805
64.0268	0.000146172	0.000368784	0.000278157	0.000140581	0.00017971
64.0313	0.00063619	0.00447019	0.00165961	0.000674987	0.000549303
65.0027	6.56924E-06	6.80858E-05	7.57035E-05	0.000693514	0.000126532
65.0347	4.03667E-05	0.000145034	9.40452E-05	4.95239E-05	3.70202E-05
65.0391	0.00486703	0.0105605	0.00621157	0.00332693	0.00395331
66.0061	1.37605E-06	4.97941E-06	3.61038E-06	2.81226E-05	6.6973E-06
66.0106	2.97168E-05	0.00183218	8.64E-04	0.000556703	0.000621276
66.0425	0.000263225	0.000570359	0.000336041	0.000179999	0.000213859
66.047	0.00221035	0.00492869	0.00287385	0.00125008	0.00189857
67.0139	4.94524E-06	2.39109E-05	0.000040263	3.22444E-05	2.99985E-05
67.0184	0	0.00127535	0.0013582	0.00163218	0.000757982
67.0503	0.00012046	0.000254486	0.000156139	0.000069053	0.000103397
67.0548	0.0226343	0.0237874	6.57E-03	6.98E-03	5.59E-03
68.0217	0.00E+00	2.49235E-05	6.26E-05	7.59E-05	3.49E-05
68.0262	0.0011379	0.00243653	0.00578017	0.00273419	0.00384678
68.0581	0.00121166	0.00156348	0.000343163	0.000334889	0.000288587
68.0626	0.00664214	0.00587396	2.39E-03	2.03E-03	0.00159457
68.9977	7.16E-06	0.000986944	0.00183836	0.00303917	0.00193837
69.0296	4.94951E-05	9.89961E-05	2.51E-04	0.000119503	0.000166741
69.034	0.000765034	0.00486863	5.40E-03	0.00592377	0.00289188
69.066	0.000350859	0.000457098	0.000123426	8.79148E-05	7.98E-05
69.0704	4.03E-02	0.0140914	0.00755964	0.00515483	0.00499238
70.0055	0.00011907	0.000165842	4.07E-04	0.0012608	0.000664296
70.0374	3.81E-05	0.000148249	2.36E-04	0.000265856	0.000127954
70.0419	0.00109233	0.00334343	0.00329431	0.00246189	0.00172707
70.0738	0.00217418	0.000874645	0.000403933	0.000260264	0.000265574
70.0782	0.00846032	0.00352332	0.00218282	0.000786289	0.0011675
71.0133	0.000333041	0.00131618	0.00302921	0.0042085	0.00169257
71.0452	4.76348E-05	0.000147401	0.000142151	0.000106194	7.45839E-05
71.0497	0.000577236	0.0051065	0.00145875	0.00499687	0.00156278
71.0816	0.000468294	0.000105577	0.000121052	5.68839E-05	6.71293E-05
71.0861	0.0307842	0.00277783	0.00403317	0.0002586	0.00251194
72	1.74663E-06	1.296E-10	0	0	2.15629E-06
72.0211	0.000243289	0.000440825	0.0015345	0.00148417	0.000943937
72.053	2.77693E-05	0.00020644	6.31607E-05	0.000218159	0.000068476
72.0575	0.00044887	0.000588556	0.000300966	0.00109637	0.000467856
72.0894	0.00169167	0	0.000219784	4.05899E-05	0.000138517
73.0034	1.40168E-07	2.3695E-07	0	0	2.30944E-07
73.0078	5.43835E-05	1.43799E-11	0	0	0.000257013
73.029	0	0.00419649	0.00766147	0.00593841	0
73.0402	0.00186095	3.06096E-05	0.00261399	0.000149166	0.00210324
73.0609	0.000020111	2.26513E-05	1.29303E-05	4.81132E-05	0.000020499
74.0112	8.49336E-06	0	0	0	1.98134E-05
74.0156	0.000761218	0.00176062	0.00129931	0.000887144	0.0010231
74.0368	0.000707333	0.000803603	0.00188584	0.00187616	0.000872566
75.019	0.000049494	0.000114044	8.42965E-05	5.76159E-05	6.65835E-05
75.0235	0.000863519	0.00158102	0.00159653	0.000882555	0.00102127
75.0446	0.00033021	2.33904E-11	0.000434016	0.000609186	0.000253791
76.016	0	1.83492E-10	0	0.000701398	6.96398E-05
76.0268	5.49576E-05	0.000119022	0.000103006	5.48679E-05	6.55013E-05
76.0313	0.00144098	0.00250404	0.00221099	0.00136158	0.00169745
77.0347	0.000094013	0.000155839	0.000143919	0.000089362	0.000110676
77.0391	0.00639494	0.0131118	0.00686827	0.00416852	0.00467929
78.0425	0.000415719	0.000844371	0.000445898	0.000271862	0.000304001
78.047	0.00290315	0.00534079	0.0034023	0.000863943	0.00197742
79.0184	3.99463E-07	3.29827E-10	0.000934074	0.000920002	0.000364431
79.0503	0.000184016	0.000412427	0.000218317	4.65111E-05	0.0001245
79.0548	0.0104027	0.0169736	0.00472559	0.00469982	0.00419811
80.0217	0	1.90987E-05	4.97417E-05	4.62014E-05	1.92897E-05
80.0262	0.00035394	0.00127762	0.00186384	0.000617605	0.00120352
80.0581	0.000676461	0.00108999	0.000306866	0.00030693	0.000272812
80.0626	0.00265048	0.00351059	0.00127348	0.00115209	0.000866963
81.0296	2.13396E-05	3.99925E-05	0.000102445	3.72703E-05	6.64464E-05
81.034	0.000604406	0.00394118	0.00348388	0.00224371	0.00179789
81.066	0.000168039	0.0002963	7.99325E-05	6.42185E-05	5.29994E-05
81.0704	0.0194394	0.0116353	0.00414384	0.00442868	0.00290318
82.0055	0	0.000567135	0.000479914	0.000992448	0.000583282
82.0374	3.44855E-05	0.000189167	0.000189701	0.000125095	9.80488E-05
82.0419	0.00066843	0.00268157	0.00212603	0.00155963	0.00146648
82.0738	0.00125261	0.000903165	0.000262888	0.000261987	0.000182586
82.0782	0.00454754	0.00299591	0.00145723	0.00112126	0.000764307
83.0133	0	0.00031065	0.000911742	0.00152513	0.000939753
83.0452	0.000039645	0.000109999	0.000116607	9.16933E-05	7.99391E-05
83.0497	0.000553791	0.00575054	0.001145	0.0031915	0.00143139
83.0816	0.000292286	0.000248565	9.24311E-05	6.49337E-05	4.64706E-05
83.0861	0.0196154	0.00404838	0.00344269	0.00165584	0.00176353
84.0211	7.06194E-05	0.00234347	0.00145316	0.00107013	0.000978733
84.053	3.49896E-05	0.000260803	6.36739E-05	0.00018362	8.00112E-05
84.0813	0.00168637	5.36304E-11	4.69103E-05	0.00205988	0
84.0894	0.00129317	0.00019242	0.000224031	0.0001226	0.000112811
84.0939	0.00331344	0.00124217	0.000715594	0.000364566	0.000346997
85.029	0.000378034	0.00277236	0.00219376	0.00320079	0.00144053
85.0653	0.000194109	0.00146099	0.000431863	0.00162531	0.000396245
85.0973	0.000217127	6.91078E-05	4.56511E-05	2.67644E-05	2.26885E-05
85.1017	0.0143586	0.00108839	0.00192634	0	0.00109728
86.0156	0.00025954	0.00068198	0.000381043	0.000301017	0.000248645
86.0368	0.000306845	1.16853E-10	0.000716281	0.0012215	0.000502749
86.0687	1.31897E-05	0.00012202	1.76027E-05	9.09669E-05	2.05291E-05
86.0732	0.000335736	2.57277E-05	0.000147597	0.000477979	7.88209E-05
86.1051	0.000956592	0	0.000127406	1.09924E-05	7.04358E-05
86.1096	0.00025725	0.000182087	5.83091E-05	0.000104856	1.89047E-05
87.0082	1.69861E-05	2.59304E-11	8.88328E-05	0.000541161	0.000184356
87.019	2.10685E-05	3.04484E-05	3.04352E-05	2.54239E-05	1.96518E-05
87.0446	0.000734731	0.00125782	0.00120342	0.00138458	0.00050573
87.0765	1.89279E-05	6.20772E-08	8.28558E-06	2.59664E-05	4.29454E-06
87.081	0.000244104	0.000061865	0.000198022	0.000183595	0
87.1129	1.75688E-05	0	4.88339E-06	9.06149E-06	1.23252E-06
88.016	0	0	0	0.000206387	4.85988E-05
88.0313	0.000332859	0.000731515	0.000676853	0.000242872	0.000274832
88.0524	0.000180644	0.000128827	0.000219469	0.000334636	0.000130579
88.0843	1.66165E-05	0	1.06037E-05	1.25593E-05	0
88.0888	5.26228E-05	0	2.28616E-06	6.77634E-05	0
89.0027	0.000022157	4.00567E-05	2.14675E-05	4.97716E-05	0.000020738
89.0239	0	3.89969E-11	1.9211E-06	0.000441911	0
89.0347	2.54647E-05	5.40217E-05	5.12126E-05	1.84946E-05	2.13625E-05
89.0391	0.00109808	0.00314393	0.0021109	0.000806167	0.00122384
89.0603	0.000380751	4.89748E-12	0.000364622	0.000298793	0.000142985
89.0922	4.32699E-06	0	3.88142E-07	4.4726E-06	0
90.0061	1.88636E-06	3.27375E-06	2.14919E-06	3.96354E-06	2.0551E-06
90.0425	8.54804E-05	0.000201132	0.000161457	6.66062E-05	9.47183E-05
90.047	0.00047064	0.00105539	0.000804213	0.000571936	0.000592347
91.0503	3.58531E-05	8.01369E-05	6.09368E-05	4.32028E-05	4.52803E-05
91.0548	0.00937396	0.0164588	0.00662842	0.0033762	0.00425895
92.0262	0.000175227	2.58776E-11	0.000633923	0.000530208	0.00038172
92.0581	0.000737465	0.00104436	0.000514337	0.000284602	0.000325451
92.0626	0.0015786	0.00189271	0.000879018	0.000678648	0.000695581
93.0296	9.2589E-06	0.000033571	3.97963E-05	2.90515E-05	2.35765E-05
93.034	4.90121E-05	1.08726E-05	0.000882439	0.000653955	0.000330212
93.0704	0.00623773	0.00664933	0.00213383	0.0023244	0.00166611
94.0374	1.29101E-06	3.27885E-05	5.60724E-05	3.69887E-05	2.08083E-05
94.0419	0.000652196	0.00223439	0.00193006	0.000449626	0.000871412
94.0738	0.000471785	0.000524302	0.000160002	0.000173357	0.000125551
94.0782	0.00159455	0.00176675	0.000596369	0.000619266	0.000379725
95.0133	0.000268898	2.21308E-05	0.00197835	0.000423694	0.000918207
95.0452	4.54469E-05	0.000111611	0.000126754	3.41112E-05	5.80925E-05
95.0497	0.000307124	0.00332306	0.00184406	0.00235391	0.00112881
95.0816	0.000121776	0.000124141	4.56523E-05	4.84286E-05	0.000029229
95.0861	0.013495	0.00552474	0.0024776	0.00249193	0.00152955
96	1.18785E-05	6.82489E-11	0	3.15996E-05	8.73888E-05
96.0211	0.000256037	3.27545E-08	0.00224555	0.000628839	0.00129666
96.053	2.35981E-05	0.000174054	0.000121611	0.000159586	0.000074834
96.0575	0.000334636	0.00132928	0.000659188	0.00100762	0.000553824
96.0894	0.00102722	0.000395494	0.000187897	0.000190322	0.000116673
96.0939	0.00193779	0.00166983	0.000620272	0.000187041	0.00022866
97.0034	1.44941E-06	0	0	2.80669E-06	7.61036E-06
97.029	0.000181823	0.00187772	0.00184022	0.00168534	0.000873624
97.0609	2.26041E-05	7.78194E-05	4.32398E-05	6.64964E-05	3.67773E-05
97.0653	0.000299611	8.04311E-05	0.000688083	0.00215448	0.000664199
97.0973	0.000150837	8.41891E-05	4.88549E-05	0.000020563	1.90677E-05
97.1017	0.0120824	1.43224E-10	0.00186617	0.000871039	0.000939873
98.0156	0.000149145	1.26112E-05	0.00013433	0.000752332	0.000448306
98.0368	0.000178064	0.00024123	0.00115582	0.00102387	0.000483391
98.0687	1.09267E-05	0.000216547	3.60119E-05	0.000105434	3.40023E-05
98.0732	0.000781268	0.00246114	0.00073532	0.000500335	0.000340648
98.1051	0.000923213	0	0.000139905	6.39989E-05	6.99885E-05
98.1096	0.000851614	1.30788E-10	0.00027285	0.000100762	6.86058E-05
99.0082	0	1.66219E-10	0.000296299	0.00107511	0.000431522
99.019	1.37571E-05	4.07506E-06	1.12581E-05	6.33091E-05	4.07403E-05
99.0235	2.21131E-05	9.58942E-05	0.000363377	7.82093E-05	9.36771E-05
99.0446	0.000345049	0.00153284	0.000809333	0.0018377	0.000617524
99.0765	5.06024E-05	0.000213134	4.54894E-05	2.47664E-05	0.000018752
99.081	0.000242383	0.00104068	0.000148912	0.00051827	0.000132087
99.1129	6.44164E-05	7.51296E-06	2.09298E-05	6.98976E-06	4.60306E-06
99.1174	0.00188089	0.000279348	0.000265821	2.82406E-05	9.73082E-05
100.027	4.2583E-06	0	3.07122E-05	7.88541E-06	0.000013694
100.031	0.000184244	0.000155047	0.000396637	0.000237399	9.49396E-05
100.052	0.000186169	0.000200349	0.000208449	0.000560814	0.000190718
100.084	1.72578E-05	5.69784E-05	9.95636E-06	3.53867E-05	9.19313E-06
100.089	5.84071E-05	3.43271E-05	2.73839E-05	0.000111462	1.40785E-05
100.121	0.000146832	0	2.09252E-05	5.12864E-06	7.93307E-06
101.024	0	6.99412E-11	0.000260421	0.000999994	0.000221583
101.035	1.62246E-05	1.80541E-05	3.41522E-05	1.78282E-05	1.01745E-05
101.039	0.000402527	0.00115665	0.000766333	0.000185659	0.000335574
101.06	0.000322361	1.92552E-05	0.000266298	0.000558083	0.000146477
101.092	4.00653E-06	4.13332E-06	2.13895E-06	6.94556E-06	1.27174E-06
101.097	4.26604E-05	0.000056342	8.15047E-06	8.63014E-05	0
102.011	4.15366E-05	0	2.42209E-05	0.00018518	8.93631E-06
102.043	3.86618E-05	5.44969E-05	6.80438E-05	2.28017E-05	3.14894E-05
102.047	0.000846146	0.00178014	0.00155557	0.000561349	0.000832912
102.1	3.52357E-06	1.44148E-06	1.37379E-06	6.31374E-06	4.62734E-07
102.104	4.29925E-05	3.04899E-09	2.34714E-05	7.92314E-05	5.36366E-06
103.014	3.7718E-06	1.92081E-06	2.88421E-06	1.27567E-05	1.92695E-06
103.018	7.20491E-05	3.12894E-09	0.000153637	0.000362651	0.00012571
103.05	7.39117E-05	0.000147042	0.000134679	4.98364E-05	7.24124E-05
103.055	0.00137981	0.00271759	0.00179588	0.000861043	0.000922078
103.108	2.9465E-06	2.95942E-06	1.82509E-06	4.42755E-06	8.01002E-07
104.022	5.80825E-06	2.44209E-06	0.000011798	2.65231E-05	9.88784E-06
104.047	0	0.0015038	0	0	0
104.058	0.000121451	0.000211182	0.000156243	7.81361E-05	8.10429E-05
104.063	0.00120044	6.45398E-11	0.000849459	0.00056912	0.00047459
105.034	0.000293089	5.99624E-12	0.00107156	0.00118163	0.000863837
105.066	9.65535E-05	0.000124754	6.80147E-05	0.000029716	3.52335E-05
105.07	0.00588913	0.003156	0.00263598	0.00157466	0.00130892
106.037	1.73194E-05	7.00996E-05	7.83487E-05	8.12868E-05	6.04539E-05
106.042	0.000270026	4.47434E-11	0.000806145	0.000421019	0.000383789
106.074	0.000513879	0.000360978	0.000228826	0.000119165	0.000105679
106.078	0.00120631	0.00036703	0.000517852	0.000436617	0.000313475
107.045	1.70277E-05	5.50645E-05	5.86955E-05	2.37993E-05	2.60741E-05
107.05	0.000633684	4.20837E-11	0.00147562	0.00104828	0.000566882
107.082	0.000101213	0.000074216	4.31747E-05	3.10281E-05	2.54921E-05
107.086	0.00367594	0.00189761	0.00130699	0.00124262	0.000759521
108	1.65174E-06	1.09707E-06	0	0	3.11359E-06
108.021	0.000072408	1.56942E-10	0.000521925	0.000260456	0.000211577
108.053	4.08332E-05	0.000117881	0.000106776	6.04315E-05	3.78739E-05
108.058	0.00031687	0.00109923	0.000590178	0.000612819	0.000399635
108.089	0.000313561	0.000235149	0.000109924	9.60941E-05	6.30822E-05
108.094	0.000851158	0.000837366	0.000346701	0.000252014	0.000214741
109.003	2.88253E-07	1.5088E-07	0	0	5.53656E-07
109.029	0.000200495	2.49508E-11	0.00100496	0.000573147	0.000423682
109.061	2.55524E-05	6.84337E-05	4.50227E-05	4.89269E-05	3.10037E-05
109.065	4.18465E-05	0.00188093	0.000677924	0.00118777	0.000477668
109.097	7.59794E-05	4.69157E-05	3.10532E-05	0.000025795	1.97716E-05
109.102	0.00652139	0.00210155	0.00120121	0.000977891	0.000611489
110.037	0.000247908	0.000675097	0.00103745	0.000462943	0.000504768
110.069	7.40769E-06	0.000106284	5.22996E-05	0.000097516	3.68206E-05
110.073	0.000183566	0.000486128	0.000324962	0.000453652	0.000198832
110.105	0.000574445	9.84587E-05	0.000106439	9.76878E-05	5.56493E-05
110.11	0.000726244	0.00039325	0.000217677	7.94426E-05	7.26192E-05
111.045	0.0003523	0.000466055	0.000482858	0.00131447	0.000448739
111.076	1.36044E-05	4.58729E-05	2.42709E-05	3.28019E-05	1.49735E-05
111.081	0.0001507	0.000726028	0.00027946	0.000876642	0.000257133
111.113	6.35791E-05	2.76388E-05	1.92831E-05	7.98255E-06	6.63213E-06
111.117	0.00373563	0.000140037	0.000611568	0.00019189	0.000233248
112.031	6.30209E-05	4.68318E-10	0.000224473	0.000101402	0
112.052	0.000135212	0.000232914	0.000258711	0.000513146	0.000207638
112.084	9.44004E-06	0.000113874	1.86943E-05	5.62166E-05	1.72241E-05
112.121	0.000329789	0	5.29361E-05	1.81236E-05	0.000019479
112.125	0.000440241	0.00015813	0.000129326	0	4.99887E-05
113.024	0	1.14656E-11	8.79658E-05	0.000626193	0.000195494
113.035	8.74227E-06	3.10424E-06	2.00128E-05	9.94391E-06	3.08305E-06
113.039	0.000232945	0.00103446	0.000633167	7.17222E-05	0.000195222
113.06	0.000280706	7.30497E-05	0.000246817	0.000695288	0.000197507
113.097	0.00010643	2.90473E-05	3.09508E-05	0.000300398	3.58828E-05
113.129	4.03763E-05	0	1.18364E-05	1.74059E-06	5.02917E-06
113.133	0.000857367	0.000132429	0.000110946	3.90892E-06	4.74974E-05
114.032	0	2.57758E-11	6.27872E-05	0.000318868	4.96857E-05
114.043	2.80837E-05	4.01406E-05	6.31153E-05	0.00001606	2.30381E-05
114.047	0.000180604	0.000609203	0.000390923	9.96869E-05	0.00014394
114.068	0.000123091	3.34371E-05	0.000112106	0.000276372	7.20565E-05
114.1	8.64088E-06	2.73012E-05	1.49599E-06	1.76838E-05	2.82118E-06
114.104	1.67714E-05	5.06257E-06	9.4634E-06	3.18728E-05	1.80631E-06
114.136	7.70275E-05	0	9.81962E-06	2.18047E-06	4.30944E-06
114.141	8.09691E-06	2.00594E-05	5.19865E-06	2.9533E-06	4.38904E-06
115.003	0.000033041	4.05733E-10	1.13865E-05	0.000135423	2.11165E-05
